  can0  0E2   [3]  B4 13 00
  can0  010   [4]  26 73 00 00
  can0  420   [1]  00
  can0  016   [5]  EC 4F 8C 0A 02
  can0  0E7   [3]  B4 09 00
  can0  1E5   [8]  1C 0D 9A 10 00 00 01 0F
  can0  0E4   [3]  B4 13 00
  can0  013   [5]  4A 30 04 13 27
  can0  0E3   [3]  04 10 00
  can0  011   [8]  E8 03 10 00 00 00 00 00
  can0  0E2   [3]  B8 13 00
  can0  010   [4]  26 73 00 00
  can0  420   [1]  00
  can0  016   [5]  A2 15 8D 0A 02
  can0  0E7   [3]  B8 09 00
  can0  1E5   [8]  1C 0D 99 30 00 00 01 2E
  can0  0E4   [3]  B8 13 00
  can0  013   [5]  4E 10 04 0D 27
  can0  0E3   [3]  08 10 00
  can0  011   [8]  E8 03 10 00 00 00 00 00
  can0  0E2   [3]  BC 13 00
  can0  010   [4]  26 73 00 00
  can0  420   [1]  00
  can0  016   [5]  EC 4F 8C 0A 02
  can0  0E7   [3]  BC 09 00
  can0  1E5   [8]  1C 0D 99 50 00 00 01 4E
  can0  0E4   [3]  BC 13 00
  can0  013   [5]  46 20 04 10 27
  can0  0E3   [3]  0C 10 00
  can0  011   [8]  E8 03 10 00 00 00 00 00
  can0  0E2   [3]  C0 13 00
  can0  010   [4]  26 73 00 00
  can0  420   [1]  00
  can0  1E5   [8]  1C 0D 9A 70 00 00 01 6F
  can0  0E4   [3]  C0 13 00
  can0  013   [5]  4B 10 04 13 27
  can0  016   [5]  EC 4F 8C 0A 02
  can0  0E7   [3]  C0 09 00
  can0  0E3   [3]  10 10 00
  can0  011   [8]  E8 03 10 00 00 00 00 00
  can0  0E2   [3]  C4 13 00
  can0  010   [4]  26 73 00 00
  can0  1E5   [8]  1C 0D 99 10 00 00 01 0E
  can0  016   [5]  A2 15 8D 0A 02
  can0  0E4   [3]  C4 13 00
  can0  420   [1]  00
  can0  013   [5]  4E 10 04 10 27
  can0  0E3   [3]  14 10 00
  can0  011   [8]  E8 03 10 00 00 00 00 00
  can0  0E7   [3]  C4 09 00
  can0  0E2   [3]  C8 13 00
  can0  010   [4]  26 73 00 00
  can0  1E5   [8]  1C 0D 99 30 00 00 01 2E
  can0  0E4   [3]  C8 13 00
  can0  420   [1]  00
  can0  013   [5]  48 10 04 0D 27
  can0  0E3   [3]  18 10 00
  can0  011   [8]  E8 03 10 00 00 00 00 00
  can0  016   [5]  EC 4F 8C 0A 02
  can0  0E2   [3]  CC 13 00
  can0  010   [4]  26 73 00 00
  can0  0E7   [3]  C8 09 00
  can0  1E5   [8]  1C 0D 9A 50 00 00 01 4F
  can0  0E4   [3]  CC 13 00
  can0  013   [5]  4C 20 04 10 27
  can0  420   [1]  00
  can0  0E3   [3]  1C 10 00
  can0  011   [8]  E8 03 10 00 00 00 00 00
  can0  0E2   [3]  D0 13 00
  can0  010   [4]  26 73 00 00
  can0  016   [5]  EC 4F 8C 0A 02
  can0  0E7   [3]  CC 09 00
  can0  1E5   [8]  1C 0D 9A 70 00 00 01 6F
  can0  0E4   [3]  D0 13 00
  can0  013   [5]  4F 00 04 10 27
  can0  0E3   [3]  20 10 00
  can0  011   [8]  E8 03 10 00 00 00 00 00
  can0  0E2   [3]  D4 13 00
  can0  420   [1]  00
  can0  010   [4]  26 73 00 00
  can0  016   [5]  A2 15 8D 0A 02
  can0  0E7   [3]  D0 09 00
  can0  1E5   [8]  1C 0D 9A 10 00 00 01 0F
  can0  0E4   [3]  D4 13 00
  can0  013   [5]  49 20 04 10 27
  can0  0E3   [3]  24 10 00
  can0  011   [8]  E8 03 10 00 00 00 00 00
  can0  0E2   [3]  D8 13 00
  can0  010   [4]  26 73 00 00
  can0  420   [1]  00
  can0  016   [5]  A2 15 8D 0A 02
  can0  0E7   [3]  D4 09 00
  can0  1E5   [8]  1C 0D 9C 30 01 00 01 32
  can0  0E4   [3]  D8 13 00
  can0  013   [5]  4E 10 04 11 27
  can0  0E3   [3]  28 10 00
  can0  011   [8]  E8 03 10 00 00 00 00 00
  can0  0E2   [3]  DC 13 00
  can0  010   [4]  26 73 00 00
  can0  420   [1]  00
  can0  016   [5]  0F A1 8E 0A 02
  can0  1E5   [8]  1C 0D 9D 50 02 00 01 54
  can0  0E4   [3]  DC 13 00
  can0  013   [5]  4A 20 04 11 27
  can0  0E7   [3]  D8 09 00
  can0  0E3   [3]  2C 10 00
  can0  011   [8]  E8 03 10 00 00 00 00 00
  can0  0E2   [3]  E0 13 00
  can0  010   [4]  26 73 00 00
  can0  420   [1]  00
  can0  016   [5]  C6 66 8F 0A 02
  can0  1E5   [8]  1C 0D 9D 70 02 00 01 74
  can0  0E4   [3]  E0 13 00
  can0  013   [5]  4C 00 04 0E 27
  can0  0E3   [3]  30 10 00
  can0  011   [8]  E8 03 10 00 00 00 00 00
  can0  0E2   [3]  E4 13 00
  can0  010   [4]  26 73 00 00
  can0  0E7   [3]  DC 09 00
  can0  016   [5]  C6 66 8F 0A 02
  can0  420   [1]  00
  can0  1E5   [8]  1C 0D 9F 10 03 00 01 17
  can0  0E4   [3]  E4 13 00
  can0  013   [5]  4D F0 03 15 27
  can0  0E3   [3]  34 10 00
  can0  011   [8]  E8 03 10 00 00 00 00 00
  can0  0E2   [3]  E8 13 00
  can0  010   [4]  26 73 00 00
  can0  0E7   [3]  E0 09 00
  can0  420   [1]  00
  can0  016   [5]  33 F2 90 0A 02
  can0  1E5   [8]  1C 0D 9F 30 03 00 01 37
  can0  0E4   [3]  E8 13 00
  can0  013   [5]  47 10 04 0B 27
  can0  0E3   [3]  38 10 00
  can0  011   [8]  E8 03 10 00 00 00 00 00
  can0  0E2   [3]  EC 13 00
  can0  010   [4]  26 73 00 00
  can0  0E7   [3]  E4 09 00
  can0  420   [1]  00
  can0  1E5   [8]  1C 0D 9F 50 03 00 01 57
  can0  016   [5]  33 F2 90 0A 02
  can0  0E4   [3]  EC 13 00
  can0  013   [5]  50 30 04 17 27
  can0  0E3   [3]  3C 10 00
  can0  011   [8]  E8 03 10 00 00 00 00 00
  can0  0E2   [3]  F0 13 00
  can0  010   [4]  26 73 00 00
  can0  1E5   [8]  1C 0D A1 70 04 00 01 7A
  can0  0E7   [3]  E8 09 00
  can0  0E4   [3]  F0 13 00
  can0  013   [5]  4A 20 04 0C 27
  can0  420   [1]  00
  can0  0E3   [3]  40 10 00
  can0  011   [8]  E8 03 10 00 00 00 00 00
  can0  016   [5]  33 F2 90 0A 02
  can0  0E2   [3]  F4 13 00
  can0  010   [4]  26 73 00 00
  can0  1E5   [8]  1C 0D A1 10 04 00 01 1A
  can0  0E4   [3]  F4 13 00
  can0  013   [5]  47 20 04 0D 27
  can0  0E7   [3]  EC 09 00
  can0  0E3   [3]  44 10 00
  can0  011   [8]  E8 03 10 00 00 00 00 00
  can0  0E2   [3]  F8 13 00
  can0  010   [4]  26 73 00 00
  can0  420   [1]  00
  can0  016   [5]  A0 7D 92 0A 02
  can0  1E5   [8]  1C 0D A2 30 05 00 01 3C
  can0  0E4   [3]  F8 13 00
  can0  013   [5]  4E 10 04 10 27
  can0  0E3   [3]  48 10 00
  can0  011   [8]  E8 03 10 00 00 00 00 00
  can0  0E2   [3]  FC 13 00
  can0  010   [4]  26 73 00 00
  can0  420   [1]  00
  can0  0E7   [3]  F0 09 00
  can0  016   [5]  56 43 93 0A 02
  can0  1E5   [8]  1C 0D A2 50 05 00 01 5C
  can0  0E4   [3]  FC 13 00
  can0  013   [5]  50 30 04 12 27
  can0  0E3   [3]  4C 10 00
  can0  011   [8]  E8 03 10 00 00 00 00 00
  can0  0E2   [3]  00 10 00
  can0  010   [4]  26 73 00 00
  can0  420   [1]  00
  can0  016   [5]  56 43 93 0A 02
  can0  0E7   [3]  F4 09 00
  can0  1E5   [8]  1C 0D A2 70 04 00 01 7B
  can0  0E4   [3]  00 10 00
  can0  013   [5]  46 10 04 0E 27
  can0  0E3   [3]  50 10 00
  can0  011   [8]  E8 03 10 00 00 00 00 00
  can0  0E2   [3]  04 10 00
  can0  010   [4]  26 73 00 00
  can0  420   [1]  00
  can0  016   [5]  56 43 93 0A 02
  can0  0E7   [3]  F8 09 00
  can0  1E5   [8]  1C 0D A4 10 04 00 01 1D
  can0  0E4   [3]  04 10 00
  can0  013   [5]  54 30 04 10 27
  can0  0E3   [3]  54 10 00
  can0  011   [8]  E8 03 10 00 00 00 00 00
  can0  0E2   [3]  08 10 00
  can0  010   [4]  26 73 00 00
  can0  420   [1]  00
  can0  016   [5]  C4 CE 94 0A 02
  can0  0E7   [3]  FC 09 00
  can0  1E5   [8]  1C 0D A4 30 04 00 01 3D
  can0  0E4   [3]  08 10 00
  can0  013   [5]  4B 20 04 11 27
  can0  0E3   [3]  58 10 00
  can0  011   [8]  E8 03 10 00 00 00 00 00
  can0  0E2   [3]  0C 10 00
  can0  010   [4]  26 73 00 00
  can0  420   [1]  00
  can0  1E5   [8]  1C 0D A4 50 03 00 01 5C
  can0  0E7   [3]  00 0A 00
  can0  016   [5]  C4 CE 94 0A 02
  can0  0E4   [3]  0C 10 00
  can0  013   [5]  4D 30 04 16 27
  can0  0E3   [3]  5C 10 00
  can0  011   [8]  E8 03 10 00 00 00 00 00
  can0  0E2   [3]  10 10 00
  can0  010   [4]  26 73 00 00
  can0  1E5   [8]  1C 0D A5 70 04 00 01 7E
  can0  420   [1]  00
  can0  016   [5]  C4 CE 94 0A 02
  can0  0E4   [3]  10 10 00
  can0  0E7   [3]  04 0A 00
  can0  013   [5]  4C 10 04 0F 27
  can0  0E3   [3]  60 10 00
  can0  011   [8]  E8 03 10 00 00 00 00 00
  can0  0E2   [3]  14 10 00
  can0  010   [4]  26 73 00 00
  can0  1E5   [8]  1C 0D A5 10 04 00 01 1E
  can0  016   [5]  7A 94 95 0A 02
  can0  0E4   [3]  14 10 00
  can0  013   [5]  4A 20 04 0A 27
  can0  0E3   [3]  64 10 00
  can0  420   [1]  00
  can0  0E7   [3]  08 0A 00
  can0  011   [8]  E8 03 10 00 00 00 00 00
  can0  0E2   [3]  18 10 00
  can0  010   [4]  26 73 00 00
  can0  1E5   [8]  1C 0D A5 30 03 00 01 3D
  can0  0E4   [3]  18 10 00
  can0  013   [5]  49 10 04 10 27
  can0  0E3   [3]  68 10 00
  can0  011   [8]  E8 03 10 00 00 00 00 00
  can0  420   [1]  00
  can0  0E2   [3]  1C 10 00
  can0  010   [4]  26 73 00 00
  can0  016   [5]  7A 94 95 0A 02
  can0  0E7   [3]  0C 0A 00
  can0  1E5   [8]  1C 0D A7 50 04 00 01 60
  can0  0E4   [3]  1C 10 00
  can0  013   [5]  4B 20 04 10 27
  can0  0E3   [3]  6C 10 00
  can0  011   [8]  E8 03 10 00 00 00 00 00
  can0  0E2   [3]  20 10 00
  can0  010   [4]  26 73 00 00
  can0  016   [5]  E7 1F 97 0A 02
  can0  420   [1]  00
  can0  0E7   [3]  10 0A 00
  can0  1E5   [8]  1C 0D A9 70 04 00 01 82
  can0  0E4   [3]  20 10 00
  can0  013   [5]  4A 20 04 13 27
  can0  0E3   [3]  70 10 00
  can0  011   [8]  E8 03 10 00 00 00 00 00
  can0  0E2   [3]  24 10 00
  can0  010   [4]  26 73 00 00
  can0  420   [1]  00
  can0  016   [5]  54 AB 98 0A 02
  can0  0E7   [3]  14 0A 00
  can0  1E5   [8]  1C 0D A9 10 04 00 01 22
  can0  0E4   [3]  24 10 00
  can0  013   [5]  4B 10 04 11 27
  can0  0E3   [3]  74 10 00
  can0  011   [8]  E8 03 10 00 00 00 00 00
  can0  0E2   [3]  28 10 00
  can0  010   [4]  26 73 00 00
  can0  016   [5]  54 AB 98 0A 02
  can0  420   [1]  00
  can0  0E7   [3]  18 0A 00
  can0  1E5   [8]  1C 0D AA 30 05 00 01 44
  can0  0E4   [3]  28 10 00
  can0  013   [5]  4A 00 04 0E 27
  can0  0E3   [3]  78 10 00
  can0  011   [8]  E8 03 10 00 00 00 00 00
  can0  0E2   [3]  2C 10 00
  can0  010   [4]  26 73 00 00
  can0  1E5   [8]  1C 0D AC 50 05 00 01 66
  can0  016   [5]  0B 71 99 0A 02
  can0  0E4   [3]  2C 10 00
  can0  013   [5]  4C 00 04 11 27
  can0  0E3   [3]  7C 10 00
  can0  011   [8]  E8 03 10 00 00 00 00 00
  can0  0E2   [3]  30 10 00
  can0  010   [4]  26 73 00 00
  can0  420   [1]  00
  can0  0E7   [3]  1C 0A 00
  can0  1E5   [8]  1C 0D AD 70 06 00 01 88
  can0  0E4   [3]  30 10 00
  can0  013   [5]  4A 10 04 0E 27
  can0  016   [5]  78 FC 9A 0A 02
  can0  0E3   [3]  80 10 00
  can0  011   [8]  E8 03 10 00 00 00 00 00
  can0  0E2   [3]  34 10 00
  can0  010   [4]  26 73 00 00
  can0  420   [1]  00
  can0  0E7   [3]  20 0A 00
  can0  1E5   [8]  1C 0D AD 10 06 00 01 28
  can0  0E4   [3]  34 10 00
  can0  013   [5]  4B 10 04 0F 27
  can0  0E3   [3]  84 10 00
  can0  011   [8]  E8 03 10 00 00 00 00 00
  can0  0E2   [3]  38 10 00
  can0  010   [4]  26 73 00 00
  can0  016   [5]  2E C2 9B 0A 02
  can0  420   [1]  00
  can0  1E5   [8]  1C 0D B1 30 07 00 01 4D
  can0  0E7   [3]  24 0A 00
  can0  0E4   [3]  38 10 00
  can0  013   [5]  4A 00 04 10 27
  can0  0E3   [3]  88 10 00
  can0  011   [8]  E8 03 10 00 00 00 00 00
  can0  0E2   [3]  3C 10 00
  can0  010   [4]  26 73 00 00
  can0  016   [5]  09 D9 9E 0A 02
  can0  420   [1]  00
  can0  1E5   [8]  1C 0D B2 50 08 00 01 6F
  can0  0E7   [3]  28 0A 00
  can0  0E4   [3]  3C 10 00
  can0  013   [5]  4A 10 04 15 27
  can0  0E3   [3]  8C 10 00
  can0  011   [8]  E8 03 10 00 00 00 00 00
  can0  0E2   [3]  40 10 00
  can0  010   [4]  26 73 00 00
  can0  016   [5]  BF 9E 9F 0A 02
  can0  420   [1]  00
  can0  1E5   [8]  1C 0D B5 70 0A 00 01 94
  can0  0E4   [3]  40 10 00
  can0  013   [5]  4A 00 04 0D 27
  can0  0E7   [3]  2C 0A 00
  can0  0E3   [3]  90 10 00
  can0  011   [8]  E8 03 10 00 00 00 00 00
  can0  0E2   [3]  44 10 00
  can0  010   [4]  26 73 00 00
  can0  1E5   [8]  1C 0D B9 10 0B 00 01 39
  can0  420   [1]  00
  can0  016   [5]  E3 EF A1 0A 02
  can0  0E4   [3]  44 10 00
  can0  013   [5]  48 10 04 10 27
  can0  0E3   [3]  94 10 00
  can0  011   [8]  E8 03 10 00 00 00 00 00
  can0  0E2   [3]  48 10 00
  can0  010   [4]  26 73 00 00
  can0  1E5   [8]  1C 0D BC 30 0C 00 01 5D
  can0  420   [1]  00
  can0  0E4   [3]  48 10 00
  can0  013   [5]  4B 00 04 0E 27
  can0  016   [5]  BD 06 A5 0A 02
  can0  0E7   [3]  30 0A 00
  can0  0E3   [3]  98 10 00
  can0  011   [8]  E8 03 10 00 00 00 00 00
  can0  0E2   [3]  4C 10 00
  can0  010   [4]  26 73 00 00
  can0  1E5   [8]  1C 0D C1 50 0F 00 01 85
  can0  0E4   [3]  4C 10 00
  can0  013   [5]  49 10 04 14 27
  can0  0E3   [3]  9C 10 00
  can0  011   [8]  E8 03 10 00 00 00 00 00
  can0  0E2   [3]  50 10 00
  can0  010   [4]  26 73 00 00
  can0  420   [1]  00
  can0  016   [5]  71 34 AB 0A 02
  can0  0E7   [3]  34 0A 00
  can0  1E5   [8]  1C 0D C7 70 12 00 01 AE
  can0  0E4   [3]  50 10 00
  can0  013   [5]  4B 00 04 0E 27
  can0  0E3   [3]  A0 10 00
  can0  420   [1]  00
  can0  011   [8]  E8 03 10 00 00 00 00 00
  can0  0E2   [3]  54 10 00
  can0  010   [4]  26 73 00 00
  can0  016   [5]  B9 D6 AF 0A 02
  can0  1E5   [8]  1C 0D CF 10 16 00 01 5A
  can0  0E4   [3]  54 10 00
  can0  013   [5]  4F 00 04 0E 27
  can0  0E7   [3]  38 0A 00
  can0  0E3   [3]  A4 10 00
  can0  011   [8]  E8 03 10 00 00 00 00 00
  can0  420   [1]  00
  can0  0E2   [3]  58 10 00
  can0  010   [4]  26 73 00 00
  can0  016   [5]  6D 04 B6 0A 02
  can0  1E5   [8]  1C 0D D9 30 1B 00 01 89
  can0  0E4   [3]  58 10 00
  can0  013   [5]  45 10 04 11 27
  can0  0E3   [3]  A8 10 00
  can0  011   [8]  E8 03 10 00 00 00 00 00
  can0  0E7   [3]  3C 0A 00
  can0  0E2   [3]  5C 10 00
  can0  010   [4]  26 73 00 00
  can0  420   [1]  00
  can0  016   [5]  8F BD BD 0A 02
  can0  1E5   [8]  1C 0D E2 50 21 00 01 B8
  can0  0E4   [3]  5C 10 00
  can0  013   [5]  48 00 04 0F 27
  can0  0E3   [3]  AC 10 00
  can0  011   [8]  E8 03 10 00 00 00 00 00
  can0  0E2   [3]  60 10 00
  can0  010   [4]  26 73 00 00
  can0  0E7   [3]  40 0A 00
  can0  420   [1]  00
  can0  016   [5]  FA B0 C4 0A 02
  can0  1E5   [8]  1C 0D EF 70 27 00 01 EB
  can0  0E4   [3]  60 10 00
  can0  013   [5]  4D 10 04 13 27
  can0  0E3   [3]  B0 10 00
  can0  011   [8]  E8 03 10 00 00 00 00 00
  can0  0E2   [3]  64 10 00
  can0  010   [4]  26 73 00 00
  can0  420   [1]  00
  can0  0E7   [3]  44 0A 00
  can0  016   [5]  3F BB CE 0A 02
  can0  1E5   [8]  1C 0D FD 10 2F 00 01 A1
  can0  0E4   [3]  64 10 00
  can0  013   [5]  48 00 04 10 27
  can0  0E3   [3]  B4 10 00
  can0  011   [8]  E8 03 10 00 00 00 00 00
  can0  0E2   [3]  68 10 00
  can0  010   [4]  26 73 00 00
  can0  420   [1]  00
  can0  1E5   [8]  1C 0E 0D 30 37 00 00 DA
  can0  0E4   [3]  68 10 00
  can0  0E7   [3]  48 0A 00
  can0  013   [5]  44 00 04 0D 27
  can0  016   [5]  3A 8B D9 0A 02
  can0  0E3   [3]  B8 10 00
  can0  011   [8]  E8 03 10 00 00 00 00 00
  can0  0E2   [3]  6C 10 00
  can0  010   [4]  26 73 00 00
  can0  420   [1]  00
  can0  1E5   [8]  1C 0E 1F 50 40 00 01 15
  can0  0E7   [3]  4C 0A 00
  can0  0E4   [3]  6C 10 00
  can0  013   [5]  4F 10 04 13 27
  can0  016   [5]  A3 E6 E5 0A 02
  can0  0E3   [3]  BC 10 00
  can0  011   [8]  E8 03 10 00 00 00 00 00
  can0  0E2   [3]  70 10 00
  can0  010   [4]  26 73 00 00
  can0  1E5   [8]  1C 0E 32 70 4A 00 01 52
  can0  420   [1]  00
  can0  0E4   [3]  70 10 00
  can0  013   [5]  49 10 04 10 27
  can0  0E7   [3]  50 0A 00
  can0  0E3   [3]  C0 10 00
  can0  011   [8]  E8 03 10 00 00 00 00 00
  can0  016   [5]  79 CD F3 0A 02
  can0  0E2   [3]  74 10 00
  can0  010   [4]  26 73 00 00
  can0  1E5   [8]  1C 0E 49 10 55 00 01 14
  can0  0E4   [3]  74 10 00
  can0  013   [5]  43 10 04 0D 27
  can0  0E3   [3]  C4 10 00
  can0  011   [8]  E8 03 10 00 00 00 00 00
  can0  420   [1]  00
  can0  0E2   [3]  78 10 00
  can0  010   [4]  26 73 00 00
  can0  0E7   [3]  54 0A 00
  can0  016   [5]  6C 3D 14 0B 02
  can0  1E5   [8]  1C 0E 61 30 60 00 01 57
  can0  0E4   [3]  78 10 00
  can0  013   [5]  4D 00 04 13 27
  can0  0E3   [3]  C8 10 00
  can0  011   [8]  E8 03 10 00 00 00 00 00
  can0  0E2   [3]  7C 10 00
  can0  010   [4]  26 73 00 00
  can0  420   [1]  00
  can0  016   [5]  89 C6 26 0B 02
  can0  0E7   [3]  58 0A 00
  can0  1E5   [8]  1C 0E 7A 50 6B 00 01 9B
  can0  0E4   [3]  7C 10 00
  can0  013   [5]  48 00 04 0D 27
  can0  0E3   [3]  CC 10 00
  can0  011   [8]  E8 03 10 00 00 00 00 00
  can0  0E2   [3]  80 10 00
  can0  010   [4]  26 73 00 00
  can0  0E7   [3]  5C 0A 00
  can0  016   [5]  5D 15 3A 0B 02
  can0  420   [1]  00
  can0  1E5   [8]  1C 0E 97 70 77 00 01 E4
  can0  0E4   [3]  80 10 00
  can0  013   [5]  4A 00 04 10 27
  can0  0E3   [3]  D0 10 00
  can0  011   [8]  E8 03 10 00 00 00 00 00
  can0  0E2   [3]  84 10 00
  can0  010   [4]  26 73 00 00
  can0  0E7   [3]  60 0A 00
  can0  1E5   [8]  1C 0E B5 10 84 00 01 AF
  can0  420   [1]  00
  can0  0E4   [3]  84 10 00
  can0  016   [5]  0B 7B 50 0B 02
  can0  013   [5]  46 F0 03 1A 27
  can0  0E3   [3]  D4 10 00
  can0  011   [8]  E8 03 10 00 00 00 00 00
  can0  0E2   [3]  88 10 00
  can0  010   [4]  26 73 00 00
  can0  1E5   [8]  1C 0E D5 30 90 00 01 FB
  can0  420   [1]  00
  can0  016   [5]  6F A6 67 0B 02
  can0  0E7   [3]  64 0A 00
  can0  0E4   [3]  88 10 00
  can0  013   [5]  4C D0 03 13 27
  can0  0E3   [3]  D8 10 00
  can0  011   [8]  E8 03 10 00 00 00 00 00
  can0  0E2   [3]  8C 10 00
  can0  010   [4]  26 73 00 00
  can0  1E5   [8]  1C 0E F5 50 9B 00 02 46
  can0  0E4   [3]  8C 10 00
  can0  013   [5]  4A 00 04 03 27
  can0  420   [1]  00
  can0  0E3   [3]  DC 10 00
  can0  011   [8]  E8 03 10 00 00 00 00 00
  can0  0E2   [3]  90 10 00
  can0  010   [4]  26 73 00 00
  can0  016   [5]  41 5D 80 0B 02
  can0  0E7   [3]  68 0A 00
  can0  1E5   [8]  1C 0F 19 70 A7 00 01 97
  can0  0E4   [3]  90 10 00
  can0  013   [5]  49 00 04 10 27
  can0  0E3   [3]  E0 10 00
  can0  011   [8]  E8 03 10 00 00 00 00 00
  can0  0E2   [3]  94 10 00
  can0  010   [4]  26 73 00 00
  can0  420   [1]  00
  can0  016   [5]  BE E1 B4 0B 02
  can0  0E7   [3]  6C 0A 00
  can0  1E5   [8]  1C 0F 3C 10 B2 00 01 65
  can0  0E4   [3]  94 10 00
  can0  013   [5]  4A 00 04 10 27
  can0  0E3   [3]  E4 10 00
  can0  011   [8]  E8 03 10 00 00 00 00 00
  can0  0E2   [3]  98 10 00
  can0  010   [4]  26 73 00 00
  can0  420   [1]  00
  can0  016   [5]  B3 E9 CF 0B 02
  can0  0E7   [3]  70 0A 00
  can0  1E5   [8]  1C 0F 5F 30 BC 00 01 B2
  can0  0E4   [3]  98 10 00
  can0  013   [5]  49 00 04 10 27
  can0  0E3   [3]  E8 10 00
  can0  011   [8]  E8 03 10 00 00 00 00 00
  can0  0E2   [3]  9C 10 00
  can0  010   [4]  26 73 00 00
  can0  420   [1]  00
  can0  016   [5]  A8 F1 EA 0B 02
  can0  0E7   [3]  74 0A 00
  can0  1E5   [8]  1C 0F 81 50 C3 00 01 FB
  can0  0E4   [3]  9C 10 00
  can0  013   [5]  4B F0 03 10 27
  can0  0E3   [3]  EC 10 00
  can0  011   [8]  E8 03 10 00 00 00 00 00
  can0  0E2   [3]  A0 10 00
  can0  010   [4]  26 73 00 00
  can0  420   [1]  00
  can0  016   [5]  E7 33 05 0C 02
  can0  1E5   [8]  1C 0F A5 70 CB 00 02 47
  can0  0E7   [3]  78 0A 00
  can0  0E4   [3]  A0 10 00
  can0  013   [5]  4A 00 04 15 27
  can0  0E3   [3]  F0 10 00
  can0  011   [8]  E8 03 10 00 00 00 00 00
  can0  0E2   [3]  A4 10 00
  can0  010   [4]  26 73 00 00
  can0  420   [1]  00
  can0  016   [5]  93 01 21 0C 02
  can0  1E5   [8]  1C 0F C7 10 D0 00 02 0E
  can0  0E4   [3]  A4 10 00
  can0  013   [5]  4A F0 03 0F 27
  can0  0E7   [3]  7C 0A 00
  can0  0E3   [3]  F4 10 00
  can0  011   [8]  E8 03 10 00 00 00 00 00
  can0  0E2   [3]  A8 10 00
  can0  010   [4]  26 73 00 00
  can0  420   [1]  00
  can0  1E5   [8]  1C 0F EA 30 D4 00 02 55
  can0  016   [5]  D1 43 3B 0C 02
  can0  0E4   [3]  A8 10 00
  can0  013   [5]  49 F0 03 0F 27
  can0  0E3   [3]  F8 10 00
  can0  011   [8]  E8 03 10 00 00 00 00 00
  can0  0E7   [3]  80 0A 00
  can0  0E2   [3]  AC 10 00
  can0  010   [4]  26 73 00 00
  can0  1E5   [8]  1C 10 0A 50 D5 00 01 97
  can0  420   [1]  00
  can0  0E4   [3]  AC 10 00
  can0  013   [5]  49 00 04 0D 27
  can0  0E3   [3]  FC 10 00
  can0  016   [5]  C7 4B 56 0C 02
  can0  011   [8]  E8 03 10 00 00 00 00 00
  can0  0E2   [3]  B0 10 00
  can0  010   [4]  26 73 00 00
  can0  0E7   [3]  84 0A 00
  can0  1E5   [8]  1C 10 29 70 D4 00 01 D5
  can0  0E4   [3]  B0 10 00
  can0  013   [5]  4A E0 03 10 27
  can0  0E3   [3]  00 11 00
  can0  011   [8]  E8 03 10 00 00 00 00 00
  can0  0E2   [3]  B4 10 00
  can0  010   [4]  26 73 00 00
  can0  420   [1]  00
  can0  016   [5]  B3 F3 86 0C 02
  can0  0E7   [3]  88 0A 00
  can0  1E5   [8]  1C 10 45 10 D2 00 01 8F
  can0  0E4   [3]  B4 10 00
  can0  013   [5]  4B F0 03 12 27
  can0  0E3   [3]  04 11 00
  can0  011   [8]  E8 03 10 00 00 00 00 00
  can0  0E2   [3]  B8 10 00
  can0  010   [4]  26 73 00 00
  can0  420   [1]  00
  can0  016   [5]  AB 93 9C 0C 02
  can0  0E7   [3]  8C 0A 00
  can0  1E5   [8]  1C 10 61 30 CD 00 01 C6
  can0  0E4   [3]  B8 10 00
  can0  013   [5]  4B E0 03 0E 27
  can0  0E3   [3]  08 11 00
  can0  011   [8]  E8 03 10 00 00 00 00 00
  can0  0E2   [3]  BC 10 00
  can0  010   [4]  26 73 00 00
  can0  420   [1]  00
  can0  016   [5]  A2 33 B2 0C 02
  can0  1E5   [8]  1C 10 7A 50 C7 00 01 F9
  can0  0E7   [3]  90 0A 00
  can0  0E4   [3]  BC 10 00
  can0  013   [5]  4B 00 04 12 27
  can0  0E3   [3]  0C 11 00
  can0  011   [8]  E8 03 10 00 00 00 00 00
  can0  0E2   [3]  C0 10 00
  can0  010   [4]  26 73 00 00
  can0  016   [5]  76 82 C5 0C 02
  can0  420   [1]  00
  can0  1E5   [8]  1C 10 8F 70 BE 00 02 25
  can0  0E4   [3]  C0 10 00
  can0  013   [5]  4B E0 03 0E 27
  can0  0E3   [3]  10 11 00
  can0  011   [8]  E8 03 10 00 00 00 00 00
  can0  0E7   [3]  94 0A 00
  can0  0E2   [3]  C4 10 00
  can0  010   [4]  26 73 00 00
  can0  016   [5]  6F BA D5 0C 02
  can0  420   [1]  00
  can0  1E5   [8]  1C 10 A5 10 B7 00 01 D4
  can0  0E4   [3]  C4 10 00
  can0  013   [5]  4E F0 03 10 27
  can0  0E3   [3]  14 11 00
  can0  011   [8]  E8 03 10 00 00 00 00 00
  can0  0E2   [3]  C8 10 00
  can0  010   [4]  26 73 00 00
  can0  0E7   [3]  98 0A 00
  can0  016   [5]  1F B8 E6 0C 02
  can0  420   [1]  00
  can0  1E5   [8]  1C 10 BA 30 AD 00 01 FF
  can0  0E4   [3]  C8 10 00
  can0  013   [5]  48 F0 03 13 27
  can0  0E3   [3]  18 11 00
  can0  011   [8]  E8 03 10 00 00 00 00 00
  can0  0E2   [3]  CC 10 00
  can0  010   [4]  26 73 00 00
  can0  0E7   [3]  9C 0A 00
  can0  1E5   [8]  1C 10 CF 50 A5 00 02 2C
  can0  420   [1]  00
  can0  0E4   [3]  CC 10 00
  can0  013   [5]  4A F0 03 10 27
  can0  016   [5]  19 F0 F6 0C 02
  can0  0E3   [3]  1C 11 00
  can0  011   [8]  E8 03 10 00 00 00 00 00
  can0  0E2   [3]  D0 10 00
  can0  010   [4]  26 73 00 00
  can0  0E7   [3]  A0 0A 00
  can0  1E5   [8]  1C 10 E4 70 9C 00 02 58
  can0  016   [5]  12 28 07 0D 02
  can0  420   [1]  00
  can0  0E4   [3]  D0 10 00
  can0  013   [5]  4A F0 03 15 27
  can0  0E3   [3]  20 11 00
  can0  011   [8]  E8 03 10 00 00 00 00 00
  can0  0E2   [3]  D4 10 00
  can0  010   [4]  26 73 00 00
  can0  0E7   [3]  A4 0A 00
  can0  1E5   [8]  1C 10 F7 10 94 00 02 03
  can0  420   [1]  00
  can0  0E4   [3]  D4 10 00
  can0  013   [5]  4B E0 03 08 27
  can0  016   [5]  0C 60 17 0D 02
  can0  0E3   [3]  24 11 00
  can0  011   [8]  E8 03 10 00 00 00 00 00
  can0  0E2   [3]  D8 10 00
  can0  010   [4]  26 73 00 00
  can0  1E5   [8]  1C 11 09 30 8C 00 01 2E
  can0  0E4   [3]  D8 10 00
  can0  013   [5]  4A F0 03 10 27
  can0  0E7   [3]  A8 0A 00
  can0  0E3   [3]  28 11 00
  can0  016   [5]  98 0C 26 0D 02
  can0  011   [8]  E8 03 10 00 00 00 00 00
  can0  420   [1]  00
  can0  0E2   [3]  DC 10 00
  can0  010   [4]  26 73 00 00
  can0  1E5   [8]  1C 11 19 50 84 00 01 56
  can0  0E4   [3]  DC 10 00
  can0  013   [5]  4B E0 03 10 27
  can0  0E3   [3]  2C 11 00
  can0  011   [8]  E8 03 10 00 00 00 00 00
  can0  0E2   [3]  E0 10 00
  can0  010   [4]  26 73 00 00
  can0  016   [5]  D7 4E 40 0D 02
  can0  420   [1]  00
  can0  0E7   [3]  AC 0A 00
  can0  1E5   [8]  1C 11 2A 70 7E 00 01 81
  can0  0E4   [3]  E0 10 00
  can0  013   [5]  4A F0 03 13 27
  can0  0E3   [3]  30 11 00
  can0  011   [8]  E8 03 10 00 00 00 00 00
  can0  0E2   [3]  E4 10 00
  can0  010   [4]  26 73 00 00
  can0  016   [5]  F6 6F 4D 0D 02
  can0  420   [1]  00
  can0  0E7   [3]  B0 0A 00
  can0  1E5   [8]  1C 11 3C 10 79 00 01 2E
  can0  0E4   [3]  E4 10 00
  can0  013   [5]  4D E0 03 12 27
  can0  0E3   [3]  34 11 00
  can0  011   [8]  E8 03 10 00 00 00 00 00
  can0  0E2   [3]  E8 10 00
  can0  010   [4]  26 73 00 00
  can0  420   [1]  00
  can0  016   [5]  CC 56 5B 0D 02
  can0  1E5   [8]  1C 11 4C 30 76 00 01 5B
  can0  0E7   [3]  B4 0A 00
  can0  0E4   [3]  E8 10 00
  can0  013   [5]  4D F0 03 12 27
  can0  0E3   [3]  38 11 00
  can0  011   [8]  E8 03 10 00 00 00 00 00
  can0  0E2   [3]  EC 10 00
  can0  010   [4]  26 73 00 00
  can0  016   [5]  35 B2 67 0D 02
  can0  420   [1]  00
  can0  0E7   [3]  B8 0A 00
  can0  1E5   [8]  1C 11 5F 50 74 00 01 8C
  can0  0E4   [3]  EC 10 00
  can0  013   [5]  4D E0 03 09 27
  can0  0E3   [3]  3C 11 00
  can0  011   [8]  E8 03 10 00 00 00 00 00
  can0  0E2   [3]  F0 10 00
  can0  010   [4]  26 73 00 00
  can0  420   [1]  00
  can0  1E5   [8]  1C 11 71 70 72 00 01 BC
  can0  0E4   [3]  F0 10 00
  can0  013   [5]  47 E0 03 10 27
  can0  016   [5]  C1 5E 76 0D 02
  can0  0E7   [3]  BC 0A 00
  can0  0E3   [3]  40 11 00
  can0  011   [8]  E8 03 10 00 00 00 00 00
  can0  0E2   [3]  F4 10 00
  can0  010   [4]  26 73 00 00
  can0  1E5   [8]  1C 11 84 10 71 00 01 6E
  can0  420   [1]  00
  can0  016   [5]  97 45 84 0D 02
  can0  0E4   [3]  F4 10 00
  can0  013   [5]  4D E0 03 13 27
  can0  0E7   [3]  C0 0A 00
  can0  0E3   [3]  44 11 00
  can0  011   [8]  E8 03 10 00 00 00 00 00
  can0  0E2   [3]  F8 10 00
  can0  010   [4]  26 73 00 00
  can0  1E5   [8]  1C 11 99 30 71 00 01 A3
  can0  0E4   [3]  F8 10 00
  can0  420   [1]  00
  can0  013   [5]  4B F0 03 0F 27
  can0  0E3   [3]  48 11 00
  can0  011   [8]  E8 03 10 00 00 00 00 00
  can0  016   [5]  23 F2 92 0D 02
  can0  0E7   [3]  C4 0A 00
  can0  0E2   [3]  FC 10 00
  can0  010   [4]  26 73 00 00
  can0  1E5   [8]  1C 11 AF 50 73 00 01 DB
  can0  0E4   [3]  FC 10 00
  can0  013   [5]  44 E0 03 0E 27
  can0  0E3   [3]  4C 11 00
  can0  011   [8]  E8 03 10 00 00 00 00 00
  can0  0E2   [3]  00 11 00
  can0  010   [4]  26 73 00 00
  can0  016   [5]  CD 27 B4 0D 02
  can0  420   [1]  00
  can0  0E7   [3]  C8 0A 00
  can0  1E5   [8]  1C 11 C9 70 78 00 02 1A
  can0  0E4   [3]  00 11 00
  can0  013   [5]  4E F0 03 10 27
  can0  0E3   [3]  50 11 00
  can0  011   [8]  E8 03 10 00 00 00 00 00
  can0  0E2   [3]  04 11 00
  can0  010   [4]  26 73 00 00
  can0  420   [1]  00
  can0  016   [5]  57 3C C8 0D 02
  can0  0E7   [3]  CC 0A 00
  can0  1E5   [8]  1C 11 E4 10 7F 00 01 DC
  can0  0E4   [3]  04 11 00
  can0  013   [5]  4B D0 03 10 27
  can0  0E3   [3]  54 11 00
  can0  011   [8]  E8 03 10 00 00 00 00 00
  can0  0E2   [3]  08 11 00
  can0  010   [4]  26 73 00 00
  can0  420   [1]  00
  can0  016   [5]  98 16 DD 0D 02
  can0  0E7   [3]  D0 0A 00
  can0  1E5   [8]  1C 11 FF 30 85 00 02 1D
  can0  0E4   [3]  08 11 00
  can0  013   [5]  4B F0 03 10 27
  can0  0E3   [3]  58 11 00
  can0  011   [8]  E8 03 10 00 00 00 00 00
  can0  0E2   [3]  0C 11 00
  can0  010   [4]  26 73 00 00
  can0  420   [1]  00
  can0  016   [5]  D9 F0 F1 0D 02
  can0  1E5   [8]  1C 12 1F 50 8E 00 01 67
  can0  0E7   [3]  D4 0A 00
  can0  0E4   [3]  0C 11 00
  can0  013   [5]  4A D0 03 10 27
  can0  0E3   [3]  5C 11 00
  can0  011   [8]  E8 03 10 00 00 00 00 00
  can0  0E2   [3]  10 11 00
  can0  010   [4]  26 73 00 00
  can0  420   [1]  00
  can0  1E5   [8]  1C 12 3F 70 98 00 01 B1
  can0  016   [5]  AA A7 0A 0E 02
  can0  0E7   [3]  D8 0A 00
  can0  0E4   [3]  10 11 00
  can0  013   [5]  47 E0 03 10 27
  can0  0E3   [3]  60 11 00
  can0  011   [8]  E8 03 10 00 00 00 00 00
  can0  0E2   [3]  14 11 00
  can0  010   [4]  26 73 00 00
  can0  1E5   [8]  1C 12 61 10 A1 00 01 7C
  can0  420   [1]  00
  can0  0E4   [3]  14 11 00
  can0  013   [5]  49 E0 03 13 27
  can0  016   [5]  7C 5E 23 0E 02
  can0  0E3   [3]  64 11 00
  can0  011   [8]  E8 03 10 00 00 00 00 00
  can0  0E2   [3]  18 11 00
  can0  0E7   [3]  DC 0A 00
  can0  010   [4]  26 73 00 00
  can0  1E5   [8]  1C 12 85 30 AD 00 01 CC
  can0  0E4   [3]  18 11 00
  can0  013   [5]  4B D0 03 0D 27
  can0  0E3   [3]  68 11 00
  can0  011   [8]  E8 03 10 00 00 00 00 00
  can0  420   [1]  00
  can0  0E2   [3]  1C 11 00
  can0  010   [4]  26 73 00 00
  can0  016   [5]  BB A0 3D 0E 02
  can0  0E7   [3]  E0 0A 00
  can0  1E5   [8]  1C 12 AC 50 B9 00 02 1F
  can0  0E4   [3]  1C 11 00
  can0  013   [5]  4B F0 03 10 27
  can0  0E3   [3]  6C 11 00
  can0  011   [8]  E8 03 10 00 00 00 00 00
  can0  420   [1]  00
  can0  0E2   [3]  20 11 00
  can0  010   [4]  26 73 00 00
  can0  016   [5]  36 8D 77 0E 02
  can0  0E7   [3]  E4 0A 00
  can0  1E5   [8]  1C 12 D2 70 C4 00 02 70
  can0  0E4   [3]  20 11 00
  can0  013   [5]  4B E0 03 10 27
  can0  0E3   [3]  70 11 00
  can0  011   [8]  E8 03 10 00 00 00 00 00
  can0  0E2   [3]  24 11 00
  can0  010   [4]  26 73 00 00
  can0  420   [1]  00
  can0  016   [5]  4F E6 94 0E 02
  can0  0E7   [3]  E8 0A 00
  can0  1E5   [8]  1C 12 FA 10 CF 00 02 43
  can0  0E4   [3]  24 11 00
  can0  013   [5]  4C E0 03 13 27
  can0  0E3   [3]  74 11 00
  can0  011   [8]  E8 03 10 00 00 00 00 00
  can0  0E2   [3]  28 11 00
  can0  010   [4]  26 73 00 00
  can0  420   [1]  00
  can0  016   [5]  D5 CA B3 0E 02
  can0  0E7   [3]  EC 0A 00
  can0  1E5   [8]  1C 13 22 30 D8 00 01 95
  can0  0E4   [3]  28 11 00
  can0  013   [5]  4B D0 03 0F 27
  can0  0E3   [3]  78 11 00
  can0  011   [8]  E8 03 10 00 00 00 00 00
  can0  0E2   [3]  2C 11 00
  can0  010   [4]  26 73 00 00
  can0  420   [1]  00
  can0  016   [5]  5A AF D2 0E 02
  can0  0E7   [3]  F0 0A 00
  can0  1E5   [8]  1C 13 4C 50 E1 00 01 E8
  can0  0E4   [3]  2C 11 00
  can0  013   [5]  4E D0 03 12 27
  can0  0E3   [3]  7C 11 00
  can0  011   [8]  E8 03 10 00 00 00 00 00
  can0  0E2   [3]  30 11 00
  can0  010   [4]  26 73 00 00
  can0  420   [1]  00
  can0  1E5   [8]  1C 13 74 70 E9 00 02 38
  can0  0E4   [3]  30 11 00
  can0  013   [5]  48 A0 03 0C 27
  can0  016   [5]  4D 1F F3 0E 02
  can0  0E3   [3]  80 11 00
  can0  011   [8]  E8 03 10 00 00 00 00 00
  can0  0E7   [3]  F4 0A 00
  can0  0E2   [3]  34 11 00
  can0  010   [4]  26 73 00 00
  can0  1E5   [8]  1C 13 9C 10 EE 00 02 05
  can0  420   [1]  00
  can0  0E4   [3]  34 11 00
  can0  013   [5]  4E C0 03 1B 27
  can0  0E3   [3]  84 11 00
  can0  011   [8]  E8 03 10 00 00 00 00 00
  can0  016   [5]  D3 03 12 0F 02
  can0  0E2   [3]  38 11 00
  can0  010   [4]  26 73 00 00
  can0  0E7   [3]  F8 0A 00
  can0  1E5   [8]  1C 13 C4 30 F3 00 02 52
  can0  0E4   [3]  38 11 00
  can0  013   [5]  4A C0 03 05 27
  can0  0E3   [3]  88 11 00
  can0  011   [8]  E8 03 10 00 00 00 00 00
  can0  420   [1]  00
  can0  0E2   [3]  3C 11 00
  can0  010   [4]  26 73 00 00
  can0  016   [5]  DF CC 4F 0F 02
  can0  0E7   [3]  FC 0A 00
  can0  1E5   [8]  1C 13 E9 50 F5 00 02 99
  can0  0E4   [3]  3C 11 00
  can0  013   [5]  4C D0 03 10 27
  can0  0E3   [3]  8C 11 00
  can0  011   [8]  E8 03 10 00 00 00 00 00
  can0  0E2   [3]  40 11 00
  can0  010   [4]  26 73 00 00
  can0  420   [1]  00
  can0  016   [5]  42 60 6C 0F 02
  can0  0E7   [3]  00 0B 00
  can0  1E5   [8]  1C 14 0F 70 F6 00 01 E1
  can0  0E4   [3]  40 11 00
  can0  013   [5]  4C D0 03 10 27
  can0  0E3   [3]  90 11 00
  can0  011   [8]  E8 03 10 00 00 00 00 00
  can0  0E2   [3]  44 11 00
  can0  010   [4]  26 73 00 00
  can0  420   [1]  00
  can0  016   [5]  5A B9 89 0F 02
  can0  0E7   [3]  04 0B 00
  can0  1E5   [8]  1C 14 31 10 F3 00 01 A0
  can0  0E4   [3]  44 11 00
  can0  013   [5]  4C D0 03 10 27
  can0  0E3   [3]  94 11 00
  can0  011   [8]  E8 03 10 00 00 00 00 00
  can0  0E2   [3]  48 11 00
  can0  010   [4]  26 73 00 00
  can0  420   [1]  00
  can0  016   [5]  99 FB A3 0F 02
  can0  0E7   [3]  08 0B 00
  can0  1E5   [8]  1C 14 52 30 F0 00 01 DE
  can0  0E4   [3]  48 11 00
  can0  013   [5]  4B C0 03 10 27
  can0  0E3   [3]  98 11 00
  can0  011   [8]  E8 03 10 00 00 00 00 00
  can0  0E2   [3]  4C 11 00
  can0  010   [4]  26 73 00 00
  can0  420   [1]  00
  can0  016   [5]  21 78 BD 0F 02
  can0  0E7   [3]  0C 0B 00
  can0  1E5   [8]  1C 14 71 50 EA 00 02 17
  can0  0E4   [3]  4C 11 00
  can0  013   [5]  4A D0 03 14 27
  can0  0E3   [3]  9C 11 00
  can0  011   [8]  E8 03 10 00 00 00 00 00
  can0  0E2   [3]  50 11 00
  can0  010   [4]  26 73 00 00
  can0  420   [1]  00
  can0  016   [5]  3C 69 D5 0F 02
  can0  1E5   [8]  1C 14 91 70 E5 00 02 52
  can0  0E7   [3]  10 0B 00
  can0  0E4   [3]  50 11 00
  can0  013   [5]  4A C0 03 0C 27
  can0  0E3   [3]  A0 11 00
  can0  011   [8]  E8 03 10 00 00 00 00 00
  can0  0E2   [3]  54 11 00
  can0  010   [4]  26 73 00 00
  can0  1E5   [8]  1C 14 AD 10 DD 00 02 06
  can0  420   [1]  00
  can0  0E4   [3]  54 11 00
  can0  013   [5]  48 D0 03 13 27
  can0  016   [5]  0E 20 EE 0F 02
  can0  0E7   [3]  14 0B 00
  can0  0E3   [3]  A4 11 00
  can0  011   [8]  E8 03 10 00 00 00 00 00
  can0  0E2   [3]  58 11 00
  can0  010   [4]  26 73 00 00
  can0  1E5   [8]  1C 14 C9 30 D5 00 02 3A
  can0  0E4   [3]  58 11 00
  can0  013   [5]  4D D0 03 0D 27
  can0  0E3   [3]  A8 11 00
  can0  011   [8]  E8 03 10 00 00 00 00 00
  can0  0E2   [3]  5C 11 00
  can0  010   [4]  26 73 00 00
  can0  420   [1]  00
  can0  016   [5]  05 C0 03 10 02
  can0  0E7   [3]  18 0B 00
  can0  1E5   [8]  1C 14 E2 50 CC 00 02 6A
  can0  0E4   [3]  5C 11 00
  can0  013   [5]  49 D0 03 10 27
  can0  0E3   [3]  AC 11 00
  can0  011   [8]  E8 03 10 00 00 00 00 00
  can0  0E2   [3]  60 11 00
  can0  010   [4]  26 73 00 00
  can0  420   [1]  00
  can0  016   [5]  D0 AE 2C 10 02
  can0  0E7   [3]  1C 0B 00
  can0  1E5   [8]  1C 14 F9 70 C1 00 02 96
  can0  0E4   [3]  60 11 00
  can0  013   [5]  49 C0 03 13 27
  can0  0E3   [3]  B0 11 00
  can0  011   [8]  E8 03 10 00 00 00 00 00
  can0  0E2   [3]  64 11 00
  can0  010   [4]  26 73 00 00
  can0  420   [1]  00
  can0  016   [5]  37 72 3E 10 02
  can0  0E7   [3]  20 0B 00
  can0  1E5   [8]  1C 15 11 10 B9 00 01 47
  can0  0E4   [3]  64 11 00
  can0  013   [5]  4B B0 03 0E 27
  can0  0E3   [3]  B4 11 00
  can0  011   [8]  E8 03 10 00 00 00 00 00
  can0  0E2   [3]  68 11 00
  can0  010   [4]  26 73 00 00
  can0  420   [1]  00
  can0  016   [5]  54 FB 50 10 02
  can0  1E5   [8]  1C 15 29 30 B0 00 01 76
  can0  0E4   [3]  68 11 00
  can0  013   [5]  49 C0 03 12 27
  can0  0E7   [3]  24 0B 00
  can0  0E3   [3]  B8 11 00
  can0  011   [8]  E8 03 10 00 00 00 00 00
  can0  0E2   [3]  6C 11 00
  can0  010   [4]  26 73 00 00
  can0  016   [5]  71 84 63 10 02
  can0  1E5   [8]  1C 15 3F 50 A9 00 01 A5
  can0  420   [1]  00
  can0  0E4   [3]  6C 11 00
  can0  013   [5]  4A B0 03 10 27
  can0  0E7   [3]  28 0B 00
  can0  0E3   [3]  BC 11 00
  can0  011   [8]  E8 03 10 00 00 00 00 00
  can0  0E2   [3]  70 11 00
  can0  010   [4]  26 73 00 00
  can0  420   [1]  00
  can0  1E5   [8]  1C 15 57 70 A3 00 01 D7
  can0  016   [5]  21 82 74 10 02
  can0  0E4   [3]  70 11 00
  can0  013   [5]  4B C0 03 14 27
  can0  0E3   [3]  C0 11 00
  can0  011   [8]  E8 03 10 00 00 00 00 00
  can0  0E2   [3]  74 11 00
  can0  010   [4]  26 73 00 00
  can0  0E7   [3]  2C 0B 00
  can0  1E5   [8]  1C 15 6D 10 9E 00 01 88
  can0  016   [5]  3E 0B 87 10 02
  can0  0E4   [3]  74 11 00
  can0  013   [5]  43 C0 03 09 27
  can0  420   [1]  00
  can0  0E3   [3]  C4 11 00
  can0  011   [8]  E8 03 10 00 00 00 00 00
  can0  0E2   [3]  78 11 00
  can0  010   [4]  26 73 00 00
  can0  0E7   [3]  30 0B 00
  can0  1E5   [8]  1C 15 84 30 98 00 01 B9
  can0  0E4   [3]  78 11 00
  can0  013   [5]  4F B0 03 13 27
  can0  420   [1]  00
  can0  0E3   [3]  C8 11 00
  can0  011   [8]  E8 03 10 00 00 00 00 00
  can0  016   [5]  EE 08 98 10 02
  can0  0E2   [3]  7C 11 00
  can0  010   [4]  26 73 00 00
  can0  0E7   [3]  34 0B 00
  can0  1E5   [8]  1C 15 9D 50 96 00 01 F0
  can0  0E4   [3]  7C 11 00
  can0  013   [5]  49 C0 03 0D 27
  can0  0E3   [3]  CC 11 00
  can0  011   [8]  E8 03 10 00 00 00 00 00
  can0  420   [1]  00
  can0  0E2   [3]  80 11 00
  can0  010   [4]  26 73 00 00
  can0  016   [5]  55 CC A9 10 02
  can0  0E7   [3]  38 0B 00
  can0  1E5   [8]  1C 15 B7 70 95 00 02 29
  can0  0E4   [3]  80 11 00
  can0  013   [5]  45 C0 03 10 27
  can0  0E3   [3]  D0 11 00
  can0  011   [8]  E8 03 10 00 00 00 00 00
  can0  0E2   [3]  84 11 00
  can0  010   [4]  26 73 00 00
  can0  016   [5]  B3 2F D1 10 02
  can0  420   [1]  00
  can0  0E7   [3]  3C 0B 00
  can0  1E5   [8]  1C 15 D2 10 96 00 01 E5
  can0  0E4   [3]  84 11 00
  can0  013   [5]  50 E0 03 11 27
  can0  0E3   [3]  D4 11 00
  can0  011   [8]  E8 03 10 00 00 00 00 00
  can0  0E2   [3]  88 11 00
  can0  010   [4]  26 73 00 00
  can0  420   [1]  00
  can0  1E5   [8]  1C 15 ED 30 99 00 02 23
  can0  016   [5]  F4 09 E6 10 02
  can0  0E4   [3]  88 11 00
  can0  013   [5]  45 D0 03 0F 27
  can0  0E3   [3]  D8 11 00
  can0  011   [8]  E8 03 10 00 00 00 00 00
  can0  0E7   [3]  40 0B 00
  can0  0E2   [3]  8C 11 00
  can0  010   [4]  26 73 00 00
  can0  420   [1]  00
  can0  1E5   [8]  1C 16 0A 50 9C 00 01 64
  can0  016   [5]  34 E4 FA 10 02
  can0  0E4   [3]  8C 11 00
  can0  013   [5]  4A E0 03 0F 27
  can0  0E3   [3]  DC 11 00
  can0  011   [8]  E8 03 10 00 00 00 00 00
  can0  0E2   [3]  90 11 00
  can0  010   [4]  26 73 00 00
  can0  0E7   [3]  44 0B 00
  can0  1E5   [8]  1C 16 27 70 9F 00 01 A4
  can0  420   [1]  00
  can0  016   [5]  E2 49 11 11 02
  can0  0E4   [3]  90 11 00
  can0  013   [5]  4C E0 03 14 27
  can0  0E3   [3]  E0 11 00
  can0  011   [8]  E8 03 10 00 00 00 00 00
  can0  0E2   [3]  94 11 00
  can0  010   [4]  26 73 00 00
  can0  0E7   [3]  48 0B 00
  can0  1E5   [8]  1C 16 42 10 A2 00 01 62
  can0  0E4   [3]  94 11 00
  can0  013   [5]  4B E0 03 0D 27
  can0  420   [1]  00
  can0  0E3   [3]  E4 11 00
  can0  011   [8]  E8 03 10 00 00 00 00 00
  can0  016   [5]  90 AF 27 11 02
  can0  0E2   [3]  98 11 00
  can0  010   [4]  26 73 00 00
  can0  0E7   [3]  4C 0B 00
  can0  1E5   [8]  1C 16 5F 30 A5 00 01 A2
  can0  0E4   [3]  98 11 00
  can0  013   [5]  4E E0 03 10 27
  can0  0E3   [3]  E8 11 00
  can0  011   [8]  E8 03 10 00 00 00 00 00
  can0  0E2   [3]  9C 11 00
  can0  010   [4]  26 73 00 00
  can0  016   [5]  D1 89 3C 11 02
  can0  420   [1]  00
  can0  0E7   [3]  50 0B 00
  can0  1E5   [8]  1C 16 7C 50 A9 00 01 E3
  can0  0E4   [3]  9C 11 00
  can0  013   [5]  4B E0 03 12 27
  can0  0E3   [3]  EC 11 00
  can0  011   [8]  E8 03 10 00 00 00 00 00
  can0  0E2   [3]  A0 11 00
  can0  010   [4]  26 73 00 00
  can0  016   [5]  2D 55 69 11 02
  can0  420   [1]  00
  can0  1E5   [8]  1C 16 99 70 AD 00 02 24
  can0  0E7   [3]  54 0B 00
  can0  0E4   [3]  A0 11 00
  can0  013   [5]  4A E0 03 11 27
  can0  0E3   [3]  F0 11 00
  can0  011   [8]  E8 03 10 00 00 00 00 00
  can0  0E2   [3]  A4 11 00
  can0  010   [4]  26 73 00 00
  can0  420   [1]  00
  can0  016   [5]  DB BA 7F 11 02
  can0  1E5   [8]  1C 16 B5 10 AF 00 01 E2
  can0  0E4   [3]  A4 11 00
  can0  013   [5]  4A E0 03 0D 27
  can0  0E3   [3]  F4 11 00
  can0  011   [8]  E8 03 10 00 00 00 00 00
  can0  0E7   [3]  58 0B 00
  can0  0E2   [3]  A8 11 00
  can0  010   [4]  26 73 00 00
  can0  420   [1]  00
  can0  016   [5]  D2 5A 95 11 02
  can0  1E5   [8]  1C 16 D2 30 B1 00 02 21
  can0  0E4   [3]  A8 11 00
  can0  013   [5]  4C E0 03 17 27
  can0  0E3   [3]  F8 11 00
  can0  011   [8]  E8 03 10 00 00 00 00 00
  can0  0E2   [3]  AC 11 00
  can0  010   [4]  26 73 00 00
  can0  0E7   [3]  5C 0B 00
  can0  420   [1]  00
  can0  016   [5]  80 C0 AB 11 02
  can0  1E5   [8]  1C 16 ED 50 B1 00 02 5C
  can0  0E4   [3]  AC 11 00
  can0  013   [5]  4D C0 03 0C 27
  can0  0E3   [3]  FC 11 00
  can0  011   [8]  E8 03 10 00 00 00 00 00
  can0  0E2   [3]  B0 11 00
  can0  010   [4]  26 73 00 00
  can0  0E7   [3]  60 0B 00
  can0  016   [5]  C1 9A C0 11 02
  can0  1E5   [8]  1C 17 0A 70 B2 00 01 9B
  can0  420   [1]  00
  can0  0E4   [3]  B0 11 00
  can0  013   [5]  4B D0 03 0D 27
  can0  0E3   [3]  00 12 00
  can0  011   [8]  E8 03 10 00 00 00 00 00
  can0  0E2   [3]  B4 11 00
  can0  010   [4]  26 73 00 00
  can0  0E7   [3]  64 0B 00
  can0  1E5   [8]  1C 17 27 10 B2 00 01 58
  can0  0E4   [3]  B4 11 00
  can0  013   [5]  4D C0 03 12 27
  can0  016   [5]  6F 00 D7 11 02
  can0  0E3   [3]  04 12 00
  can0  011   [8]  E8 03 10 00 00 00 00 00
  can0  0E2   [3]  B8 11 00
  can0  010   [4]  26 73 00 00
  can0  420   [1]  00
  can0  1E5   [8]  1C 17 44 30 B2 00 01 95
  can0  0E7   [3]  68 0B 00
  can0  0E4   [3]  B8 11 00
  can0  013   [5]  4B C0 03 11 27
  can0  0E3   [3]  08 12 00
  can0  420   [1]  00
  can0  011   [8]  E8 03 10 00 00 00 00 00
  can0  0E2   [3]  BC 11 00
  can0  010   [4]  26 73 00 00
  can0  016   [5]  1D 66 ED 11 02
  can0  1E5   [8]  1C 17 5F 50 B2 00 01 D0
  can0  0E4   [3]  BC 11 00
  can0  013   [5]  4C C0 03 0D 27
  can0  0E7   [3]  6C 0B 00
  can0  0E3   [3]  0C 12 00
  can0  011   [8]  E8 03 10 00 00 00 00 00
  can0  0E2   [3]  C0 11 00
  can0  010   [4]  26 73 00 00
  can0  420   [1]  00
  can0  016   [5]  0B A6 18 12 02
  can0  1E5   [8]  1C 17 7A 70 B1 00 02 0A
  can0  0E4   [3]  C0 11 00
  can0  013   [5]  4D B0 03 10 27
  can0  0E3   [3]  10 12 00
  can0  011   [8]  E8 03 10 00 00 00 00 00
  can0  0E2   [3]  C4 11 00
  can0  010   [4]  26 73 00 00
  can0  0E7   [3]  70 0B 00
  can0  016   [5]  4C 80 2D 12 02
  can0  420   [1]  00
  can0  1E5   [8]  1C 17 97 10 B1 00 01 C7
  can0  0E4   [3]  C4 11 00
  can0  013   [5]  4C C0 03 10 27
  can0  0E3   [3]  14 12 00
  can0  011   [8]  E8 03 10 00 00 00 00 00
  can0  0E2   [3]  C8 11 00
  can0  010   [4]  26 73 00 00
  can0  0E7   [3]  74 0B 00
  can0  016   [5]  FA E5 43 12 02
  can0  420   [1]  00
  can0  1E5   [8]  1C 17 B2 30 B0 00 02 01
  can0  0E4   [3]  C8 11 00
  can0  013   [5]  4C A0 03 10 27
  can0  0E3   [3]  18 12 00
  can0  011   [8]  E8 03 10 00 00 00 00 00
  can0  0E2   [3]  CC 11 00
  can0  010   [4]  26 73 00 00
  can0  0E7   [3]  78 0B 00
  can0  016   [5]  3B C0 58 12 02
  can0  420   [1]  00
  can0  1E5   [8]  1C 17 CC 50 AE 00 02 39
  can0  0E4   [3]  CC 11 00
  can0  013   [5]  4A C0 03 10 27
  can0  0E3   [3]  1C 12 00
  can0  011   [8]  E8 03 10 00 00 00 00 00
  can0  0E2   [3]  D0 11 00
  can0  010   [4]  26 73 00 00
  can0  016   [5]  C5 D4 6C 12 02
  can0  420   [1]  00
  can0  0E7   [3]  7C 0B 00
  can0  1E5   [8]  1C 17 E7 70 AD 00 02 73
  can0  0E4   [3]  D0 11 00
  can0  013   [5]  4D A0 03 10 27
  can0  0E3   [3]  20 12 00
  can0  011   [8]  E8 03 10 00 00 00 00 00
  can0  0E2   [3]  D4 11 00
  can0  010   [4]  26 73 00 00
  can0  1E5   [8]  1C 18 02 10 AD 00 01 2F
  can0  420   [1]  00
  can0  0E4   [3]  D4 11 00
  can0  013   [5]  4F B0 03 10 27
  can0  0E3   [3]  24 12 00
  can0  011   [8]  E8 03 10 00 00 00 00 00
  can0  0E2   [3]  D8 11 00
  can0  010   [4]  26 73 00 00
  can0  016   [5]  06 AF 81 12 02
  can0  0E7   [3]  80 0B 00
  can0  1E5   [8]  1C 18 1C 30 AB 00 01 67
  can0  0E4   [3]  D8 11 00
  can0  420   [1]  00
  can0  013   [5]  46 A0 03 10 27
  can0  016   [5]  47 89 96 12 02
  can0  0E3   [3]  28 12 00
  can0  0E7   [3]  84 0B 00
  can0  011   [8]  E8 03 10 00 00 00 00 00
  can0  0E2   [3]  DC 11 00
  can0  010   [4]  26 73 00 00
  can0  1E5   [8]  1C 18 35 50 A9 00 01 9E
  can0  0E4   [3]  DC 11 00
  can0  013   [5]  52 B0 03 12 27
  can0  420   [1]  00
  can0  0E3   [3]  2C 12 00
  can0  011   [8]  E8 03 10 00 00 00 00 00
  can0  0E2   [3]  E0 11 00
  can0  010   [4]  26 73 00 00
  can0  016   [5]  D1 9D AA 12 02
  can0  0E7   [3]  88 0B 00
  can0  1E5   [8]  1C 18 4D 70 A6 00 01 D3
  can0  0E4   [3]  E0 11 00
  can0  013   [5]  45 90 03 0E 27
  can0  016   [5]  C2 75 D0 12 02
  can0  0E3   [3]  30 12 00
  can0  011   [8]  E8 03 10 00 00 00 00 00
  can0  0E7   [3]  8C 0B 00
  can0  0E2   [3]  E4 11 00
  can0  010   [4]  26 73 00 00
  can0  420   [1]  00
  can0  1E5   [8]  1C 18 65 10 A4 00 01 89
  can0  0E4   [3]  E4 11 00
  can0  013   [5]  4F 80 03 10 27
  can0  0E3   [3]  34 12 00
  can0  011   [8]  E8 03 10 00 00 00 00 00
  can0  0E2   [3]  E8 11 00
  can0  010   [4]  26 73 00 00
  can0  016   [5]  DF FE E2 12 02
  can0  0E7   [3]  90 0B 00
  can0  420   [1]  00
  can0  1E5   [8]  1C 18 7D 30 A2 00 01 BF
  can0  0E4   [3]  E8 11 00
  can0  013   [5]  4A B0 03 13 27
  can0  0E3   [3]  38 12 00
  can0  011   [8]  E8 03 10 00 00 00 00 00
  can0  0E2   [3]  EC 11 00
  can0  010   [4]  26 73 00 00
  can0  016   [5]  FC 87 F5 12 02
  can0  0E7   [3]  94 0B 00
  can0  420   [1]  00
  can0  1E5   [8]  1C 18 95 50 9F 00 01 F4
  can0  0E4   [3]  EC 11 00
  can0  013   [5]  4A A0 03 0E 27
  can0  0E3   [3]  3C 12 00
  can0  011   [8]  E8 03 10 00 00 00 00 00
  can0  0E2   [3]  F0 11 00
  can0  010   [4]  26 73 00 00
  can0  016   [5]  19 11 08 13 02
  can0  1E5   [8]  1C 18 AC 70 9C 00 02 28
  can0  0E7   [3]  98 0B 00
  can0  420   [1]  00
  can0  0E4   [3]  F0 11 00
  can0  013   [5]  4D C0 03 0E 27
  can0  0E3   [3]  40 12 00
  can0  011   [8]  E8 03 10 00 00 00 00 00
  can0  0E2   [3]  F4 11 00
  can0  010   [4]  26 73 00 00
  can0  016   [5]  80 D4 19 13 02
  can0  1E5   [8]  1C 18 BF 10 98 00 01 D7
  can0  0E7   [3]  9C 0B 00
  can0  420   [1]  00
  can0  0E4   [3]  F4 11 00
  can0  013   [5]  46 B0 03 14 27
  can0  0E3   [3]  44 12 00
  can0  011   [8]  E8 03 10 00 00 00 00 00
  can0  0E2   [3]  F8 11 00
  can0  010   [4]  26 73 00 00
  can0  1E5   [8]  1C 18 D4 30 94 00 02 08
  can0  0E4   [3]  F8 11 00
  can0  013   [5]  4B D0 03 10 27
  can0  016   [5]  0C 81 28 13 02
  can0  0E3   [3]  48 12 00
  can0  011   [8]  E8 03 10 00 00 00 00 00
  can0  0E2   [3]  FC 11 00
  can0  010   [4]  26 73 00 00
  can0  420   [1]  00
  can0  0E7   [3]  A0 0B 00
  can0  1E5   [8]  1C 18 E4 50 8D 00 02 31
  can0  0E4   [3]  FC 11 00
  can0  013   [5]  54 C0 03 12 27
  can0  0E3   [3]  4C 12 00
  can0  011   [8]  E8 03 10 00 00 00 00 00
  can0  0E2   [3]  00 12 00
  can0  420   [1]  00
  can0  010   [4]  26 73 00 00
  can0  016   [5]  6F 14 45 13 02
  can0  0E7   [3]  A4 0B 00
  can0  1E5   [8]  1C 18 F5 70 88 00 02 5D
  can0  0E4   [3]  00 12 00
  can0  013   [5]  58 D0 03 0E 27
  can0  0E3   [3]  50 12 00
  can0  011   [8]  E8 03 10 00 00 00 00 00
  can0  0E2   [3]  04 12 00
  can0  010   [4]  26 73 00 00
  can0  420   [1]  00
  can0  016   [5]  8E 35 52 13 02
  can0  0E7   [3]  A8 0B 00
  can0  1E5   [8]  1C 19 02 10 80 00 01 03
  can0  0E4   [3]  04 12 00
  can0  013   [5]  44 D0 03 0F 27
  can0  0E3   [3]  54 12 00
  can0  011   [8]  E8 03 10 00 00 00 00 00
  can0  0E2   [3]  08 12 00
  can0  010   [4]  26 73 00 00
  can0  420   [1]  00
  can0  016   [5]  D3 3F 5C 13 02
  can0  0E7   [3]  AC 0B 00
  can0  1E5   [8]  1C 19 0D 30 78 00 01 26
  can0  0E4   [3]  08 12 00
  can0  013   [5]  45 D0 03 0E 27
  can0  0E3   [3]  58 12 00
  can0  011   [8]  E8 03 10 00 00 00 00 00
  can0  0E2   [3]  0C 12 00
  can0  010   [4]  26 73 00 00
  can0  420   [1]  00
  can0  1E5   [8]  1C 19 17 50 6F 00 01 47
  can0  016   [5]  AB BE 64 13 02
  can0  0E7   [3]  B0 0B 00
  can0  0E4   [3]  0C 12 00
  can0  013   [5]  53 D0 03 17 27
  can0  0E3   [3]  5C 12 00
  can0  011   [8]  E8 03 10 00 00 00 00 00
  can0  0E2   [3]  10 12 00
  can0  010   [4]  26 73 00 00
  can0  420   [1]  00
  can0  1E5   [8]  1C 19 1F 70 65 00 01 65
  can0  016   [5]  CD 77 6C 13 02
  can0  0E4   [3]  10 12 00
  can0  013   [5]  49 D0 03 0C 27
  can0  0E7   [3]  B4 0B 00
  can0  0E3   [3]  60 12 00
  can0  011   [8]  E8 03 10 00 00 00 00 00
  can0  0E2   [3]  14 12 00
  can0  010   [4]  26 73 00 00
  can0  420   [1]  00
  can0  1E5   [8]  1C 19 25 10 5A 00 01 00
  can0  016   [5]  81 A5 72 13 02
  can0  0E4   [3]  14 12 00
  can0  0E7   [3]  B8 0B 00
  can0  013   [5]  50 E0 03 14 27
  can0  0E3   [3]  64 12 00
  can0  011   [8]  E8 03 10 00 00 00 00 00
  can0  0E2   [3]  18 12 00
  can0  010   [4]  26 73 00 00
  can0  1E5   [8]  1C 19 29 30 4E 00 01 18
  can0  016   [5]  C8 47 77 13 02
  can0  0E4   [3]  18 12 00
  can0  420   [1]  00
  can0  013   [5]  47 D0 03 11 27
  can0  0E7   [3]  BC 0B 00
  can0  0E3   [3]  68 12 00
  can0  011   [8]  E8 03 10 00 00 00 00 00
  can0  0E2   [3]  1C 12 00
  can0  010   [4]  26 73 00 00
  can0  1E5   [8]  1C 19 29 50 42 00 01 2C
  can0  0E4   [3]  1C 12 00
  can0  016   [5]  A2 5E 7A 13 02
  can0  013   [5]  53 D0 03 0B 27
  can0  0E3   [3]  6C 12 00
  can0  420   [1]  00
  can0  011   [8]  E8 03 10 00 00 00 00 00
  can0  0E2   [3]  20 12 00
  can0  0E7   [3]  C0 0B 00
  can0  010   [4]  26 73 00 00
  can0  1E5   [8]  1C 19 29 70 35 00 01 3F
  can0  0E4   [3]  20 12 00
  can0  013   [5]  4C D0 03 14 27
  can0  0E3   [3]  70 12 00
  can0  011   [8]  E8 03 10 00 00 00 00 00
  can0  0E2   [3]  24 12 00
  can0  010   [4]  26 73 00 00
  can0  016   [5]  A2 5E 7A 13 02
  can0  420   [1]  00
  can0  0E7   [3]  C4 0B 00
  can0  1E5   [8]  1C 19 25 10 00 00 00 A6
  can0  0E4   [3]  24 12 00
  can0  013   [5]  4A C0 03 09 27
  can0  0E3   [3]  74 12 00
  can0  011   [8]  E8 03 10 00 00 00 00 00
  can0  0E2   [3]  28 12 00
  can0  010   [4]  26 73 00 00
  can0  016   [5]  C8 47 77 13 02
  can0  420   [1]  00
  can0  0E7   [3]  C8 0B 00
  can0  1E5   [8]  1C 19 22 3F FE 00 01 D0
  can0  0E4   [3]  28 12 00
  can0  013   [5]  4F C0 03 10 27
  can0  0E3   [3]  78 12 00
  can0  011   [8]  E8 03 10 00 00 00 00 00
  can0  0E2   [3]  2C 12 00
  can0  010   [4]  26 73 00 00
  can0  420   [1]  00
  can0  016   [5]  A5 F6 74 13 02
  can0  0E7   [3]  CC 0B 00
  can0  1E5   [8]  1C 19 1F 5F FC 00 01 EB
  can0  0E4   [3]  2C 12 00
  can0  013   [5]  42 D0 03 10 27
  can0  0E3   [3]  7C 12 00
  can0  011   [8]  E8 03 10 00 00 00 00 00
  can0  0E2   [3]  30 12 00
  can0  010   [4]  26 73 00 00
  can0  420   [1]  00
  can0  016   [5]  81 A5 72 13 02
  can0  1E5   [8]  1C 19 1C 7F FA 00 02 06
  can0  0E4   [3]  30 12 00
  can0  013   [5]  50 C0 03 12 27
  can0  0E7   [3]  D0 0B 00
  can0  0E3   [3]  80 12 00
  can0  011   [8]  E8 03 10 00 00 00 00 00
  can0  0E2   [3]  34 12 00
  can0  010   [4]  26 73 00 00
  can0  420   [1]  00
  can0  016   [5]  5D 54 70 13 02
  can0  1E5   [8]  1C 19 17 1F F7 00 01 9E
  can0  0E4   [3]  34 12 00
  can0  013   [5]  4C B0 03 11 27
  can0  0E3   [3]  84 12 00
  can0  011   [8]  E8 03 10 00 00 00 00 00
  can0  0E2   [3]  38 12 00
  can0  010   [4]  26 73 00 00
  can0  0E7   [3]  D4 0B 00
  can0  420   [1]  00
  can0  1E5   [8]  1C 19 12 3F F4 00 01 B6
  can0  016   [5]  CD 77 6C 13 02
  can0  0E4   [3]  38 12 00
  can0  013   [5]  4B C0 03 10 27
  can0  0E3   [3]  88 12 00
  can0  011   [8]  E8 03 10 00 00 00 00 00
  can0  0E2   [3]  3C 12 00
  can0  010   [4]  26 73 00 00
  can0  0E7   [3]  D8 0B 00
  can0  1E5   [8]  1C 19 0D 5F F1 00 01 CE
  can0  0E4   [3]  3C 12 00
  can0  013   [5]  4D C0 03 0D 27
  can0  0E3   [3]  8C 12 00
  can0  016   [5]  3C 9B 68 13 02
  can0  011   [8]  E8 03 10 00 00 00 00 00
  can0  0E2   [3]  40 12 00
  can0  010   [4]  26 73 00 00
  can0  420   [1]  00
  can0  1E5   [8]  1C 19 0A 7F EF 00 01 E9
  can0  0E7   [3]  DC 0B 00
  can0  0E4   [3]  40 12 00
  can0  013   [5]  4A C0 03 14 27
  can0  0E3   [3]  90 12 00
  can0  011   [8]  E8 03 10 00 00 00 00 00
  can0  0E2   [3]  44 12 00
  can0  010   [4]  26 73 00 00
  can0  016   [5]  AB BE 64 13 02
  can0  420   [1]  00
  can0  1E5   [8]  1C 19 05 1F EC 00 01 81
  can0  0E4   [3]  44 12 00
  can0  0E7   [3]  E0 0B 00
  can0  013   [5]  4B B0 03 0C 27
  can0  0E3   [3]  94 12 00
  can0  011   [8]  E8 03 10 00 00 00 00 00
  can0  0E2   [3]  48 12 00
  can0  010   [4]  26 73 00 00
  can0  016   [5]  F7 90 5E 13 02
  can0  420   [1]  00
  can0  1E5   [8]  1C 19 02 3F EA 00 01 9C
  can0  0E4   [3]  48 12 00
  can0  013   [5]  4F C0 03 10 27
  can0  0E3   [3]  98 12 00
  can0  011   [8]  E8 03 10 00 00 00 00 00
  can0  0E2   [3]  4C 12 00
  can0  010   [4]  26 73 00 00
  can0  0E7   [3]  E4 0B 00
  can0  420   [1]  00
  can0  1E5   [8]  1C 18 FD 5F E7 00 02 B3
  can0  016   [5]  D3 3F 5C 13 02
  can0  0E4   [3]  4C 12 00
  can0  013   [5]  4B C0 03 1B 27
  can0  0E3   [3]  9C 12 00
  can0  011   [8]  E8 03 10 00 00 00 00 00
  can0  0E2   [3]  50 12 00
  can0  010   [4]  26 73 00 00
  can0  0E7   [3]  E8 0B 00
  can0  1E5   [8]  1C 18 FA 7F E7 00 02 D0
  can0  016   [5]  42 63 58 13 02
  can0  420   [1]  00
  can0  0E4   [3]  50 12 00
  can0  013   [5]  4B C0 03 08 27
  can0  0E3   [3]  A0 12 00
  can0  011   [8]  E8 03 10 00 00 00 00 00
  can0  0E2   [3]  54 12 00
  can0  010   [4]  26 73 00 00
  can0  1E5   [8]  1C 18 F7 1F E7 00 02 6D
  can0  0E7   [3]  EC 0B 00
  can0  0E4   [3]  54 12 00
  can0  013   [5]  4B B0 03 0F 27
  can0  0E3   [3]  A4 12 00
  can0  016   [5]  1F 12 56 13 02
  can0  011   [8]  E8 03 10 00 00 00 00 00
  can0  420   [1]  00
  can0  0E2   [3]  58 12 00
  can0  010   [4]  26 73 00 00
  can0  1E5   [8]  1C 18 F2 3F E6 00 02 87
  can0  0E4   [3]  58 12 00
  can0  013   [5]  4B D0 03 14 27
  can0  0E3   [3]  A8 12 00
  can0  011   [8]  E8 03 10 00 00 00 00 00
  can0  0E7   [3]  F0 0B 00
  can0  0E2   [3]  5C 12 00
  can0  010   [4]  26 73 00 00
  can0  016   [5]  FB C0 53 13 02
  can0  420   [1]  00
  can0  1E5   [8]  1C 18 EF 5F E7 00 02 A5
  can0  0E4   [3]  5C 12 00
  can0  013   [5]  4B B0 03 0D 27
  can0  0E3   [3]  AC 12 00
  can0  011   [8]  E8 03 10 00 00 00 00 00
  can0  0E2   [3]  60 12 00
  can0  010   [4]  26 73 00 00
  can0  420   [1]  00
  can0  0E7   [3]  F4 0B 00
  can0  016   [5]  47 93 4D 13 02
  can0  1E5   [8]  1C 18 EC 7F E8 00 02 C3
  can0  0E4   [3]  60 12 00
  can0  013   [5]  4B D0 03 10 27
  can0  0E3   [3]  B0 12 00
  can0  011   [8]  E8 03 10 00 00 00 00 00
  can0  0E2   [3]  64 12 00
  can0  010   [4]  26 73 00 00
  can0  420   [1]  00
  can0  016   [5]  23 42 4B 13 02
  can0  0E7   [3]  F8 0B 00
  can0  1E5   [8]  1C 18 E9 1F E9 00 02 61
  can0  0E4   [3]  64 12 00
  can0  013   [5]  4C B0 03 0D 27
  can0  0E3   [3]  B4 12 00
  can0  011   [8]  E8 03 10 00 00 00 00 00
  can0  0E2   [3]  68 12 00
  can0  010   [4]  26 73 00 00
  can0  420   [1]  00
  can0  016   [5]  FF F0 48 13 02
  can0  0E7   [3]  FC 0B 00
  can0  1E5   [8]  1C 18 E5 3F E9 00 02 7D
  can0  0E4   [3]  68 12 00
  can0  013   [5]  4B C0 03 14 27
  can0  0E3   [3]  B8 12 00
  can0  011   [8]  E8 03 10 00 00 00 00 00
  can0  0E2   [3]  6C 12 00
  can0  010   [4]  26 73 00 00
  can0  420   [1]  00
  can0  016   [5]  25 DA 45 13 02
  can0  0E7   [3]  00 08 00
  can0  1E5   [8]  1C 18 E2 5F EA 00 02 9B
  can0  0E4   [3]  6C 12 00
  can0  013   [5]  4D B0 03 0E 27
  can0  0E3   [3]  BC 12 00
  can0  011   [8]  E8 03 10 00 00 00 00 00
  can0  0E2   [3]  70 12 00
  can0  010   [4]  26 73 00 00
  can0  420   [1]  00
  can0  1E5   [8]  1C 18 E1 7F EB 00 02 BB
  can0  016   [5]  02 89 43 13 02
  can0  0E7   [3]  04 08 00
  can0  0E4   [3]  70 12 00
  can0  013   [5]  4A B0 03 0E 27
  can0  0E3   [3]  C0 12 00
  can0  011   [8]  E8 03 10 00 00 00 00 00
  can0  0E2   [3]  74 12 00
  can0  010   [4]  26 73 00 00
  can0  1E5   [8]  1C 18 DD 1F EC 00 02 58
  can0  0E4   [3]  74 12 00
  can0  013   [5]  4C C0 03 10 27
  can0  016   [5]  4B C3 42 13 02
  can0  0E3   [3]  C4 12 00
  can0  011   [8]  E8 03 10 00 00 00 00 00
  can0  0E2   [3]  78 12 00
  can0  010   [4]  26 73 00 00
  can0  420   [1]  00
  can0  0E7   [3]  08 08 00
  can0  1E5   [8]  1C 18 DC 3F ED 00 02 78
  can0  0E4   [3]  78 12 00
  can0  013   [5]  4C B0 03 10 27
  can0  420   [1]  00
  can0  0E3   [3]  C8 12 00
  can0  011   [8]  E8 03 10 00 00 00 00 00
  can0  0E2   [3]  7C 12 00
  can0  010   [4]  26 73 00 00
  can0  016   [5]  BA E6 3E 13 02
  can0  0E7   [3]  0C 08 00
  can0  1E5   [8]  1C 18 DA 5F EE 00 02 97
  can0  0E4   [3]  7C 12 00
  can0  013   [5]  4C C0 03 13 27
  can0  0E3   [3]  CC 12 00
  can0  011   [8]  E8 03 10 00 00 00 00 00
  can0  0E2   [3]  80 12 00
  can0  010   [4]  26 73 00 00
  can0  420   [1]  00
  can0  016   [5]  4D 5B 3D 13 02
  can0  0E7   [3]  10 08 00
  can0  1E5   [8]  1C 18 D7 7F EF 00 02 B5
  can0  0E4   [3]  80 12 00
  can0  013   [5]  4B B0 03 0D 27
  can0  0E3   [3]  D0 12 00
  can0  011   [8]  E8 03 10 00 00 00 00 00
  can0  0E2   [3]  84 12 00
  can0  010   [4]  26 73 00 00
  can0  420   [1]  00
  can0  016   [5]  2A 0A 3B 13 02
  can0  1E5   [8]  1C 18 D5 1F F0 00 02 54
  can0  0E7   [3]  14 08 00
  can0  0E4   [3]  84 12 00
  can0  013   [5]  4C C0 03 14 27
  can0  0E3   [3]  D4 12 00
  can0  011   [8]  E8 03 10 00 00 00 00 00
  can0  0E2   [3]  88 12 00
  can0  010   [4]  26 73 00 00
  can0  420   [1]  00
  can0  1E5   [8]  1C 18 D4 3F F1 00 02 74
  can0  016   [5]  BC 7E 39 13 02
  can0  0E4   [3]  88 12 00
  can0  013   [5]  4A B0 03 0F 27
  can0  0E7   [3]  18 08 00
  can0  0E3   [3]  D8 12 00
  can0  011   [8]  E8 03 10 00 00 00 00 00
  can0  0E2   [3]  8C 12 00
  can0  010   [4]  26 73 00 00
  can0  420   [1]  00
  can0  1E5   [8]  1C 18 D1 5F F1 00 02 91
  can0  0E4   [3]  8C 12 00
  can0  013   [5]  4F B0 03 0D 27
  can0  016   [5]  06 B9 38 13 02
  can0  0E3   [3]  DC 12 00
  can0  011   [8]  E8 03 10 00 00 00 00 00
  can0  0E2   [3]  90 12 00
  can0  010   [4]  26 73 00 00
  can0  0E7   [3]  1C 08 00
  can0  1E5   [8]  1C 18 CF 7F F2 00 02 B0
  can0  420   [1]  00
  can0  0E4   [3]  90 12 00
  can0  013   [5]  47 C0 03 17 27
  can0  0E3   [3]  E0 12 00
  can0  011   [8]  E8 03 10 00 00 00 00 00
  can0  016   [5]  E2 67 36 13 02
  can0  0E2   [3]  94 12 00
  can0  010   [4]  26 73 00 00
  can0  0E7   [3]  20 08 00
  can0  1E5   [8]  1C 18 CD 1F F3 00 02 4F
  can0  0E4   [3]  94 12 00
  can0  013   [5]  50 90 03 09 27
  can0  420   [1]  00
  can0  0E3   [3]  E4 12 00
  can0  011   [8]  E8 03 10 00 00 00 00 00
  can0  0E2   [3]  98 12 00
  can0  010   [4]  26 73 00 00
  can0  016   [5]  08 51 33 13 02
  can0  0E7   [3]  24 08 00
  can0  1E5   [8]  1C 18 CA 3F F2 00 02 6B
  can0  0E4   [3]  98 12 00
  can0  013   [5]  3E 90 03 13 27
  can0  0E3   [3]  E8 12 00
  can0  011   [8]  E8 03 10 00 00 00 00 00
  can0  0E2   [3]  9C 12 00
  can0  010   [4]  26 73 00 00
  can0  420   [1]  00
  can0  016   [5]  E4 FF 30 13 02
  can0  0E7   [3]  28 08 00
  can0  1E5   [8]  1C 18 C7 5F F2 00 02 88
  can0  0E4   [3]  9C 12 00
  can0  013   [5]  52 B0 03 10 27
  can0  0E3   [3]  EC 12 00
  can0  011   [8]  E8 03 10 00 00 00 00 00
  can0  0E2   [3]  A0 12 00
  can0  010   [4]  26 73 00 00
  can0  420   [1]  00
  can0  016   [5]  C1 AE 2E 13 02
  can0  0E7   [3]  2C 08 00
  can0  1E5   [8]  1C 18 C2 7F F0 00 02 A1
  can0  0E4   [3]  A0 12 00
  can0  013   [5]  4B C0 03 0D 27
  can0  0E3   [3]  F0 12 00
  can0  011   [8]  E8 03 10 00 00 00 00 00
  can0  0E2   [3]  A4 12 00
  can0  010   [4]  26 73 00 00
  can0  420   [1]  00
  can0  016   [5]  30 D2 2A 13 02
  can0  1E5   [8]  1C 18 BD 1F EE 00 02 3A
  can0  0E7   [3]  30 08 00
  can0  0E4   [3]  A4 12 00
  can0  013   [5]  46 C0 03 13 27
  can0  0E3   [3]  F4 12 00
  can0  011   [8]  E8 03 10 00 00 00 00 00
  can0  0E2   [3]  A8 12 00
  can0  010   [4]  26 73 00 00
  can0  420   [1]  00
  can0  016   [5]  9F F5 26 13 02
  can0  1E5   [8]  1C 18 B7 3F EC 00 02 52
  can0  0E4   [3]  A8 12 00
  can0  013   [5]  52 B0 03 0E 27
  can0  0E7   [3]  34 08 00
  can0  0E3   [3]  F8 12 00
  can0  011   [8]  E8 03 10 00 00 00 00 00
  can0  0E2   [3]  AC 12 00
  can0  010   [4]  26 73 00 00
  can0  420   [1]  00
  can0  1E5   [8]  1C 18 B1 5F E9 00 02 69
  can0  016   [5]  58 53 22 13 02
  can0  0E4   [3]  AC 12 00
  can0  013   [5]  4C D0 03 12 27
  can0  0E3   [3]  FC 12 00
  can0  011   [8]  E8 03 10 00 00 00 00 00
  can0  0E2   [3]  B0 12 00
  can0  010   [4]  26 73 00 00
  can0  0E7   [3]  38 08 00
  can0  420   [1]  00
  can0  1E5   [8]  1C 18 A9 7F E5 00 02 7D
  can0  016   [5]  11 B1 1D 13 02
  can0  0E4   [3]  B0 12 00
  can0  013   [5]  40 B0 03 14 27
  can0  0E3   [3]  00 13 00
  can0  011   [8]  E8 03 10 00 00 00 00 00
  can0  0E2   [3]  B4 12 00
  can0  010   [4]  26 73 00 00
  can0  0E7   [3]  3C 08 00
  can0  1E5   [8]  1C 18 A1 1F E2 00 02 12
  can0  420   [1]  00
  can0  0E4   [3]  B4 12 00
  can0  013   [5]  51 D0 03 0D 27
  can0  016   [5]  5C 83 17 13 02
  can0  0E3   [3]  04 13 00
  can0  011   [8]  E8 03 10 00 00 00 00 00
  can0  0E2   [3]  B8 12 00
  can0  010   [4]  26 73 00 00
  can0  0E7   [3]  40 08 00
  can0  1E5   [8]  1C 18 99 3F DE 00 02 26
  can0  420   [1]  00
  can0  0E4   [3]  B8 12 00
  can0  013   [5]  4B B0 03 0E 27
  can0  0E3   [3]  08 13 00
  can0  011   [8]  E8 03 10 00 00 00 00 00
  can0  0E2   [3]  BC 12 00
  can0  010   [4]  26 73 00 00
  can0  016   [5]  F4 27 0B 13 02
  can0  0E7   [3]  44 08 00
  can0  1E5   [8]  1C 18 91 5F DA 00 02 3A
  can0  0E4   [3]  BC 12 00
  can0  013   [5]  45 D0 03 0E 27
  can0  0E3   [3]  0C 13 00
  can0  011   [8]  E8 03 10 00 00 00 00 00
  can0  0E2   [3]  C0 12 00
  can0  010   [4]  26 73 00 00
  can0  420   [1]  00
  can0  016   [5]  3F FA 04 13 02
  can0  1E5   [8]  1C 18 87 7F D6 00 02 4C
  can0  0E7   [3]  48 08 00
  can0  0E4   [3]  C0 12 00
  can0  013   [5]  48 C0 03 13 27
  can0  0E3   [3]  10 13 00
  can0  011   [8]  E8 03 10 00 00 00 00 00
  can0  0E2   [3]  C4 12 00
  can0  010   [4]  26 73 00 00
  can0  420   [1]  00
  can0  016   [5]  1E 41 FD 12 02
  can0  1E5   [8]  1C 18 7D 1F D2 00 01 DE
  can0  0E4   [3]  C4 12 00
  can0  013   [5]  52 D0 03 10 27
  can0  0E3   [3]  14 13 00
  can0  011   [8]  E8 03 10 00 00 00 00 00
  can0  0E7   [3]  4C 08 00
  can0  0E2   [3]  C8 12 00
  can0  010   [4]  26 73 00 00
  can0  420   [1]  00
  can0  016   [5]  FC 87 F5 12 02
  can0  1E5   [8]  1C 18 72 3F CE 00 01 EF
  can0  0E4   [3]  C8 12 00
  can0  013   [5]  44 B0 03 0D 27
  can0  0E3   [3]  18 13 00
  can0  011   [8]  E8 03 10 00 00 00 00 00
  can0  0E2   [3]  CC 12 00
  can0  010   [4]  26 73 00 00
  can0  0E7   [3]  50 08 00
  can0  420   [1]  00
  can0  1E5   [8]  1C 18 69 5F CB 00 02 03
  can0  016   [5]  24 09 ED 12 02
  can0  0E4   [3]  CC 12 00
  can0  013   [5]  4B D0 03 1A 27
  can0  0E3   [3]  1C 13 00
  can0  011   [8]  E8 03 10 00 00 00 00 00
  can0  0E2   [3]  D0 12 00
  can0  010   [4]  26 73 00 00
  can0  0E7   [3]  54 08 00
  can0  420   [1]  00
  can0  1E5   [8]  1C 18 5D 7F C8 00 02 14
  can0  016   [5]  B9 15 E6 12 02
  can0  0E4   [3]  D0 12 00
  can0  013   [5]  4A B0 03 06 27
  can0  0E3   [3]  20 13 00
  can0  011   [8]  E8 03 10 00 00 00 00 00
  can0  0E2   [3]  D4 12 00
  can0  010   [4]  26 73 00 00
  can0  0E7   [3]  58 08 00
  can0  420   [1]  00
  can0  1E5   [8]  1C 18 52 1F C5 00 01 A6
  can0  0E4   [3]  D4 12 00
  can0  013   [5]  59 B0 03 10 27
  can0  0E3   [3]  24 13 00
  can0  016   [5]  2B D1 DC 12 02
  can0  011   [8]  E8 03 10 00 00 00 00 00
  can0  0E2   [3]  D8 12 00
  can0  010   [4]  26 73 00 00
  can0  0E7   [3]  5C 08 00
  can0  1E5   [8]  1C 18 47 3F C3 00 01 B9
  can0  420   [1]  00
  can0  0E4   [3]  D8 12 00
  can0  013   [5]  4D D0 03 11 27
  can0  0E3   [3]  28 13 00
  can0  011   [8]  E8 03 10 00 00 00 00 00
  can0  0E2   [3]  DC 12 00
  can0  010   [4]  26 73 00 00
  can0  016   [5]  7B D3 CB 12 02
  can0  0E7   [3]  60 08 00
  can0  1E5   [8]  1C 18 3C 5F C1 00 01 CC
  can0  0E4   [3]  DC 12 00
  can0  013   [5]  40 B0 03 0F 27
  can0  420   [1]  00
  can0  0E3   [3]  2C 13 00
  can0  011   [8]  E8 03 10 00 00 00 00 00
  can0  0E2   [3]  E0 12 00
  can0  010   [4]  26 73 00 00
  can0  016   [5]  A3 54 C3 12 02
  can0  1E5   [8]  1C 18 32 7F C0 00 01 E1
  can0  0E4   [3]  E0 12 00
  can0  013   [5]  46 C0 03 10 27
  can0  0E3   [3]  30 13 00
  can0  0E7   [3]  64 08 00
  can0  011   [8]  E8 03 10 00 00 00 00 00
  can0  0E2   [3]  E4 12 00
  can0  010   [4]  26 73 00 00
  can0  420   [1]  00
  can0  016   [5]  81 9B BB 12 02
  can0  1E5   [8]  1C 18 25 1F BD 00 01 71
  can0  0E4   [3]  E4 12 00
  can0  013   [5]  4A B0 03 10 27
  can0  0E3   [3]  34 13 00
  can0  011   [8]  E8 03 10 00 00 00 00 00
  can0  0E2   [3]  E8 12 00
  can0  010   [4]  26 73 00 00
  can0  0E7   [3]  68 08 00
  can0  420   [1]  00
  can0  016   [5]  3C 91 B1 12 02
  can0  1E5   [8]  1C 18 1A 3F BC 00 01 85
  can0  0E4   [3]  E8 12 00
  can0  013   [5]  4C C0 03 10 27
  can0  0E3   [3]  38 13 00
  can0  011   [8]  E8 03 10 00 00 00 00 00
  can0  0E2   [3]  EC 12 00
  can0  010   [4]  26 73 00 00
  can0  420   [1]  00
  can0  0E7   [3]  6C 08 00
  can0  016   [5]  64 12 A9 12 02
  can0  1E5   [8]  1C 18 0D 5F BA 00 01 96
  can0  0E4   [3]  EC 12 00
  can0  013   [5]  4A C0 03 10 27
  can0  0E3   [3]  3C 13 00
  can0  011   [8]  E8 03 10 00 00 00 00 00
  can0  0E2   [3]  F0 12 00
  can0  010   [4]  26 73 00 00
  can0  420   [1]  00
  can0  1E5   [8]  1C 18 01 7F B9 00 01 A9
  can0  0E7   [3]  70 08 00
  can0  016   [5]  1F 08 9F 12 02
  can0  0E4   [3]  F0 12 00
  can0  013   [5]  53 C0 03 17 27
  can0  0E3   [3]  40 13 00
  can0  011   [8]  E8 03 10 00 00 00 00 00
  can0  0E2   [3]  F4 12 00
  can0  010   [4]  26 73 00 00
  can0  420   [1]  00
  can0  1E5   [8]  1C 17 F4 1F B7 00 02 39
  can0  0E4   [3]  F4 12 00
  can0  013   [5]  43 C0 03 0D 27
  can0  016   [5]  90 C3 95 12 02
  can0  0E3   [3]  44 13 00
  can0  011   [8]  E8 03 10 00 00 00 00 00
  can0  0E2   [3]  F8 12 00
  can0  010   [4]  26 73 00 00
  can0  0E7   [3]  74 08 00
  can0  1E5   [8]  1C 17 E7 3F B6 00 02 4B
  can0  0E4   [3]  F8 12 00
  can0  420   [1]  00
  can0  013   [5]  4C B0 03 0D 27
  can0  0E3   [3]  48 13 00
  can0  016   [5]  4B B9 8B 12 02
  can0  011   [8]  E8 03 10 00 00 00 00 00
  can0  0E2   [3]  FC 12 00
  can0  010   [4]  26 73 00 00
  can0  0E7   [3]  78 08 00
  can0  1E5   [8]  1C 17 D9 5F B4 00 02 5B
  can0  0E4   [3]  FC 12 00
  can0  013   [5]  49 C0 03 10 27
  can0  0E3   [3]  4C 13 00
  can0  011   [8]  E8 03 10 00 00 00 00 00
  can0  0E2   [3]  00 13 00
  can0  420   [1]  00
  can0  010   [4]  26 73 00 00
  can0  016   [5]  0A DF 76 12 02
  can0  0E7   [3]  7C 08 00
  can0  1E5   [8]  1C 17 CA 7F B2 00 02 6A
  can0  0E4   [3]  00 13 00
  can0  013   [5]  4F B0 03 0F 27
  can0  0E3   [3]  50 13 00
  can0  011   [8]  E8 03 10 00 00 00 00 00
  can0  0E2   [3]  04 13 00
  can0  010   [4]  26 73 00 00
  can0  420   [1]  00
  can0  016   [5]  58 49 6B 12 02
  can0  0E7   [3]  80 08 00
  can0  1E5   [8]  1C 17 BC 1F B0 00 01 FA
  can0  0E4   [3]  04 13 00
  can0  013   [5]  46 E0 03 17 27
  can0  0E3   [3]  54 13 00
  can0  011   [8]  E8 03 10 00 00 00 00 00
  can0  0E2   [3]  08 13 00
  can0  010   [4]  26 73 00 00
  can0  420   [1]  00
  can0  016   [5]  5C 79 60 12 02
  can0  0E7   [3]  84 08 00
  can0  1E5   [8]  1C 17 AD 3F AD 00 02 08
  can0  0E4   [3]  08 13 00
  can0  013   [5]  4B B0 03 09 27
  can0  0E3   [3]  58 13 00
  can0  011   [8]  E8 03 10 00 00 00 00 00
  can0  0E2   [3]  0C 13 00
  can0  010   [4]  26 73 00 00
  can0  420   [1]  00
  can0  016   [5]  AA E3 54 12 02
  can0  0E7   [3]  88 08 00
  can0  1E5   [8]  1C 17 9D 5F AB 00 02 16
  can0  0E4   [3]  0C 13 00
  can0  013   [5]  49 D0 03 10 27
  can0  0E3   [3]  5C 13 00
  can0  011   [8]  E8 03 10 00 00 00 00 00
  can0  0E2   [3]  10 13 00
  can0  010   [4]  26 73 00 00
  can0  420   [1]  00
  can0  016   [5]  41 88 48 12 02
  can0  1E5   [8]  1C 17 8F 7F A9 00 02 26
  can0  0E7   [3]  8C 08 00
  can0  0E4   [3]  10 13 00
  can0  013   [5]  4D D0 03 13 27
  can0  0E3   [3]  60 13 00
  can0  011   [8]  E8 03 10 00 00 00 00 00
  can0  0E2   [3]  14 13 00
  can0  010   [4]  26 73 00 00
  can0  1E5   [8]  1C 17 7F 1F A7 00 01 B4
  can0  016   [5]  46 B8 3D 12 02
  can0  420   [1]  00
  can0  0E4   [3]  14 13 00
  can0  013   [5]  49 E0 03 19 27
  can0  0E3   [3]  64 13 00
  can0  011   [8]  E8 03 10 00 00 00 00 00
  can0  0E2   [3]  18 13 00
  can0  010   [4]  26 73 00 00
  can0  0E7   [3]  90 08 00
  can0  1E5   [8]  1C 17 6F 3F A5 00 01 C2
  can0  016   [5]  DD 5C 31 12 02
  can0  0E4   [3]  18 13 00
  can0  013   [5]  4B E0 03 05 27
  can0  420   [1]  00
  can0  0E3   [3]  68 13 00
  can0  011   [8]  E8 03 10 00 00 00 00 00
  can0  0E2   [3]  1C 13 00
  can0  010   [4]  26 73 00 00
  can0  0E7   [3]  94 08 00
  can0  1E5   [8]  1C 17 61 5F A4 00 01 D3
  can0  0E4   [3]  1C 13 00
  can0  013   [5]  50 C0 03 0F 27
  can0  0E3   [3]  6C 13 00
  can0  011   [8]  E8 03 10 00 00 00 00 00
  can0  016   [5]  74 01 25 12 02
  can0  0E2   [3]  20 13 00
  can0  010   [4]  26 73 00 00
  can0  420   [1]  00
  can0  0E7   [3]  98 08 00
  can0  1E5   [8]  1C 17 52 7F A3 00 01 E3
  can0  0E4   [3]  20 13 00
  can0  013   [5]  47 E0 03 13 27
  can0  0E3   [3]  70 13 00
  can0  011   [8]  E8 03 10 00 00 00 00 00
  can0  0E2   [3]  24 13 00
  can0  420   [1]  00
  can0  010   [4]  26 73 00 00
  can0  016   [5]  C6 9B 0E 12 02
  can0  0E7   [3]  9C 08 00
  can0  1E5   [8]  1C 17 42 1F A2 00 01 72
  can0  0E4   [3]  24 13 00
  can0  013   [5]  4D D0 03 0F 27
  can0  0E3   [3]  74 13 00
  can0  011   [8]  E8 03 10 00 00 00 00 00
  can0  0E2   [3]  28 13 00
  can0  010   [4]  26 73 00 00
  can0  016   [5]  5D 40 02 12 02
  can0  420   [1]  00
  can0  1E5   [8]  1C 17 32 3F A1 00 01 81
  can0  0E4   [3]  28 13 00
  can0  013   [5]  4F E0 03 10 27
  can0  0E3   [3]  78 13 00
  can0  0E7   [3]  A0 08 00
  can0  011   [8]  E8 03 10 00 00 00 00 00
  can0  0E2   [3]  2C 13 00
  can0  010   [4]  26 73 00 00
  can0  420   [1]  00
  can0  016   [5]  F5 E4 F5 11 02
  can0  1E5   [8]  1C 17 22 5F A0 00 01 90
  can0  0E4   [3]  2C 13 00
  can0  013   [5]  4B C0 03 10 27
  can0  0E3   [3]  7C 13 00
  can0  011   [8]  E8 03 10 00 00 00 00 00
  can0  0E2   [3]  30 13 00
  can0  010   [4]  26 73 00 00
  can0  0E7   [3]  A4 08 00
  can0  420   [1]  00
  can0  016   [5]  8C 89 E9 11 02
  can0  1E5   [8]  1C 17 12 7F 9F 00 01 9F
  can0  0E4   [3]  30 13 00
  can0  013   [5]  49 E0 03 11 27
  can0  0E3   [3]  80 13 00
  can0  011   [8]  E8 03 10 00 00 00 00 00
  can0  0E2   [3]  34 13 00
  can0  010   [4]  26 73 00 00
  can0  0E7   [3]  A8 08 00
  can0  016   [5]  23 2E DD 11 02
  can0  420   [1]  00
  can0  1E5   [8]  1C 17 01 1F 9E 00 01 2D
  can0  0E4   [3]  34 13 00
  can0  013   [5]  4A D0 03 0D 27
  can0  0E3   [3]  84 13 00
  can0  011   [8]  E8 03 10 00 00 00 00 00
  can0  0E2   [3]  38 13 00
  can0  010   [4]  26 73 00 00
  can0  0E7   [3]  AC 08 00
  can0  420   [1]  00
  can0  016   [5]  04 0D D0 11 02
  can0  1E5   [8]  1C 16 ED 3F 9B 00 02 35
  can0  0E4   [3]  38 13 00
  can0  013   [5]  4C D0 03 10 27
  can0  0E3   [3]  88 13 00
  can0  011   [8]  E8 03 10 00 00 00 00 00
  can0  0E2   [3]  3C 13 00
  can0  010   [4]  26 73 00 00
  can0  1E5   [8]  1C 16 DA 5F 99 00 02 40
  can0  420   [1]  00
  can0  0E4   [3]  3C 13 00
  can0  013   [5]  4A D0 03 12 27
  can0  0E3   [3]  8C 13 00
  can0  011   [8]  E8 03 10 00 00 00 00 00
  can0  0E2   [3]  40 13 00
  can0  010   [4]  26 73 00 00
  can0  016   [5]  C1 9A C0 11 02
  can0  0E7   [3]  B0 08 00
  can0  1E5   [8]  1C 16 C5 7F 96 00 02 48
  can0  0E4   [3]  40 13 00
  can0  013   [5]  46 C0 03 0E 27
  can0  0E3   [3]  90 13 00
  can0  420   [1]  00
  can0  011   [8]  E8 03 10 00 00 00 00 00
  can0  0E2   [3]  44 13 00
  can0  010   [4]  26 73 00 00
  can0  016   [5]  34 EE B1 11 02
  can0  0E7   [3]  B4 08 00
  can0  1E5   [8]  1C 16 AF 1F 91 00 01 CD
  can0  0E4   [3]  44 13 00
  can0  013   [5]  4C B0 03 10 27
  can0  0E3   [3]  94 13 00
  can0  011   [8]  E8 03 10 00 00 00 00 00
  can0  0E2   [3]  48 13 00
  can0  010   [4]  26 73 00 00
  can0  420   [1]  00
  can0  016   [5]  3B B6 A1 11 02
  can0  0E7   [3]  B8 08 00
  can0  1E5   [8]  1C 16 99 3F 8C 00 01 D2
  can0  0E4   [3]  48 13 00
  can0  013   [5]  4A A0 03 10 27
  can0  0E3   [3]  98 13 00
  can0  011   [8]  E8 03 10 00 00 00 00 00
  can0  0E2   [3]  4C 13 00
  can0  010   [4]  26 73 00 00
  can0  016   [5]  DB BA 7F 11 02
  can0  420   [1]  00
  can0  0E7   [3]  BC 08 00
  can0  1E5   [8]  1C 16 7F 5F 86 00 01 D2
  can0  0E4   [3]  4C 13 00
  can0  013   [5]  45 C0 03 14 27
  can0  0E3   [3]  9C 13 00
  can0  011   [8]  E8 03 10 00 00 00 00 00
  can0  0E2   [3]  50 13 00
  can0  010   [4]  26 73 00 00
  can0  420   [1]  00
  can0  016   [5]  51 A6 6B 11 02
  can0  0E7   [3]  C0 08 00
  can0  1E5   [8]  1C 16 64 7F 7F 00 01 D0
  can0  0E4   [3]  50 13 00
  can0  013   [5]  4C D0 03 0F 27
  can0  0E3   [3]  A0 13 00
  can0  011   [8]  E8 03 10 00 00 00 00 00
  can0  0E2   [3]  54 13 00
  can0  010   [4]  26 73 00 00
  can0  420   [1]  00
  can0  016   [5]  10 CC 56 11 02
  can0  1E5   [8]  1C 16 45 1F 76 00 01 48
  can0  0E7   [3]  C4 08 00
  can0  0E4   [3]  54 13 00
  can0  013   [5]  4E D0 03 13 27
  can0  0E3   [3]  A4 13 00
  can0  011   [8]  E8 03 10 00 00 00 00 00
  can0  0E2   [3]  58 13 00
  can0  010   [4]  26 73 00 00
  can0  1E5   [8]  1C 16 25 3F 6C 00 01 3E
  can0  016   [5]  F5 DA 3E 11 02
  can0  0E4   [3]  58 13 00
  can0  420   [1]  00
  can0  013   [5]  4B D0 03 0D 27
  can0  0E7   [3]  C8 08 00
  can0  0E3   [3]  A8 13 00
  can0  011   [8]  E8 03 10 00 00 00 00 00
  can0  0E2   [3]  5C 13 00
  can0  010   [4]  26 73 00 00
  can0  1E5   [8]  1C 16 04 5F 62 00 01 33
  can0  0E4   [3]  5C 13 00
  can0  013   [5]  4B E0 03 0D 27
  can0  016   [5]  23 24 26 11 02
  can0  0E3   [3]  AC 13 00
  can0  420   [1]  00
  can0  011   [8]  E8 03 10 00 00 00 00 00
  can0  0E2   [3]  60 13 00
  can0  0E7   [3]  CC 08 00
  can0  010   [4]  26 73 00 00
  can0  1E5   [8]  1C 15 E1 7F 58 00 02 25
  can0  0E4   [3]  60 13 00
  can0  013   [5]  4B D0 03 13 27
  can0  0E3   [3]  B0 13 00
  can0  011   [8]  E8 03 10 00 00 00 00 00
  can0  0E2   [3]  64 13 00
  can0  420   [1]  00
  can0  010   [4]  26 73 00 00
  can0  016   [5]  9B A7 0C 11 02
  can0  0E7   [3]  D0 08 00
  can0  1E5   [8]  1C 15 BC 1F 4D 00 01 95
  can0  0E4   [3]  64 13 00
  can0  013   [5]  4C E0 03 0D 27
  can0  0E3   [3]  B4 13 00
  can0  011   [8]  E8 03 10 00 00 00 00 00
  can0  0E2   [3]  68 13 00
  can0  010   [4]  26 73 00 00
  can0  420   [1]  00
  can0  016   [5]  44 0C D5 10 02
  can0  1E5   [8]  1C 15 95 3F 42 00 01 83
  can0  0E4   [3]  68 13 00
  can0  013   [5]  4A E0 03 10 27
  can0  0E7   [3]  D4 08 00
  can0  0E3   [3]  B8 13 00
  can0  011   [8]  E8 03 10 00 00 00 00 00
  can0  0E2   [3]  6C 13 00
  can0  010   [4]  26 73 00 00
  can0  420   [1]  00
  can0  016   [5]  74 ED B6 10 02
  can0  1E5   [8]  1C 15 6C 5F 36 00 01 6E
  can0  0E7   [3]  D8 08 00
  can0  0E4   [3]  6C 13 00
  can0  013   [5]  4B E0 03 16 27
  can0  0E3   [3]  BC 13 00
  can0  011   [8]  E8 03 10 00 00 00 00 00
  can0  0E2   [3]  70 13 00
  can0  010   [4]  26 73 00 00
  can0  420   [1]  00
  can0  016   [5]  38 43 97 10 02
  can0  1E5   [8]  1C 15 42 7F 2A 00 01 58
  can0  0E4   [3]  70 13 00
  can0  013   [5]  49 E0 03 0A 27
  can0  0E7   [3]  DC 08 00
  can0  0E3   [3]  C0 13 00
  can0  011   [8]  E8 03 10 00 00 00 00 00
  can0  0E2   [3]  74 13 00
  can0  010   [4]  26 73 00 00
  can0  016   [5]  45 D3 76 10 02
  can0  1E5   [8]  1C 15 17 1F 1F 00 00 C2
  can0  420   [1]  00
  can0  0E4   [3]  74 13 00
  can0  013   [5]  4B F0 03 13 27
  can0  0E3   [3]  C4 13 00
  can0  0E7   [3]  E0 08 00
  can0  011   [8]  E8 03 10 00 00 00 00 00
  can0  0E2   [3]  78 13 00
  can0  010   [4]  26 73 00 00
  can0  420   [1]  00
  can0  1E5   [8]  1C 14 EC 3F 15 00 01 AC
  can0  016   [5]  9B 9D 55 10 02
  can0  0E4   [3]  78 13 00
  can0  013   [5]  4A E0 03 13 27
  can0  0E3   [3]  C8 13 00
  can0  011   [8]  E8 03 10 00 00 00 00 00
  can0  0E2   [3]  7C 13 00
  can0  010   [4]  26 73 00 00
  can0  0E7   [3]  E4 08 00
  can0  1E5   [8]  1C 14 BC 5F 0A 00 01 91
  can0  0E4   [3]  7C 13 00
  can0  013   [5]  4A F0 03 0D 27
  can0  0E3   [3]  CC 13 00
  can0  011   [8]  E8 03 10 00 00 00 00 00
  can0  0E2   [3]  80 13 00
  can0  010   [4]  26 73 00 00
  can0  016   [5]  B7 55 0F 10 02
  can0  420   [1]  00
  can0  1E5   [8]  1C 14 8D 7F 01 00 01 79
  can0  0E7   [3]  E8 08 00
  can0  0E4   [3]  80 13 00
  can0  013   [5]  4B D0 03 0D 27
  can0  0E3   [3]  D0 13 00
  can0  011   [8]  E8 03 10 00 00 00 00 00
  can0  0E2   [3]  84 13 00
  can0  010   [4]  26 73 00 00
  can0  016   [5]  33 09 EB 0F 02
  can0  420   [1]  00
  can0  1E5   [8]  1C 14 5C 1E F7 00 01 DD
  can0  0E4   [3]  84 13 00
  can0  013   [5]  4D E0 03 10 27
  can0  0E7   [3]  EC 08 00
  can0  0E3   [3]  D4 13 00
  can0  011   [8]  E8 03 10 00 00 00 00 00
  can0  0E2   [3]  88 13 00
  can0  010   [4]  26 73 00 00
  can0  016   [5]  43 31 C5 0F 02
  can0  420   [1]  00
  can0  1E5   [8]  1C 14 29 3E ED 00 01 C0
  can0  0E4   [3]  88 13 00
  can0  013   [5]  4B E0 03 12 27
  can0  0E3   [3]  D8 13 00
  can0  011   [8]  E8 03 10 00 00 00 00 00
  can0  0E2   [3]  8C 13 00
  can0  0E7   [3]  F0 08 00
  can0  010   [4]  26 73 00 00
  can0  016   [5]  E5 CD 9D 0F 02
  can0  1E5   [8]  1C 13 F4 5E E3 00 02 A0
  can0  420   [1]  00
  can0  0E4   [3]  8C 13 00
  can0  013   [5]  4A F0 03 14 27
  can0  0E3   [3]  DC 13 00
  can0  011   [8]  E8 03 10 00 00 00 00 00
  can0  0E2   [3]  90 13 00
  can0  010   [4]  26 73 00 00
  can0  0E7   [3]  F4 08 00
  can0  016   [5]  1A DF 74 0F 02
  can0  1E5   [8]  1C 13 BF 7E DA 00 02 82
  can0  420   [1]  00
  can0  0E4   [3]  90 13 00
  can0  013   [5]  49 00 04 0B 27
  can0  0E3   [3]  E0 13 00
  can0  011   [8]  E8 03 10 00 00 00 00 00
  can0  0E2   [3]  94 13 00
  can0  010   [4]  26 73 00 00
  can0  0E7   [3]  F8 08 00
  can0  016   [5]  4F F0 4B 0F 02
  can0  1E5   [8]  1C 13 87 1E D1 00 01 E1
  can0  0E4   [3]  94 13 00
  can0  420   [1]  00
  can0  013   [5]  48 F0 03 12 27
  can0  0E3   [3]  E4 13 00
  can0  011   [8]  E8 03 10 00 00 00 00 00
  can0  0E2   [3]  98 13 00
  can0  010   [4]  26 73 00 00
  can0  0E7   [3]  FC 08 00
  can0  1E5   [8]  1C 13 4F 3E C8 00 01 C0
  can0  0E4   [3]  98 13 00
  can0  013   [5]  48 00 04 0D 27
  can0  016   [5]  60 B0 20 0F 02
  can0  0E3   [3]  E8 13 00
  can0  011   [8]  E8 03 10 00 00 00 00 00
  can0  0E2   [3]  9C 13 00
  can0  010   [4]  26 73 00 00
  can0  420   [1]  00
  can0  1E5   [8]  1C 13 15 5E BF 00 01 9D
  can0  0E7   [3]  00 09 00
  can0  0E4   [3]  9C 13 00
  can0  013   [5]  4A 10 04 16 27
  can0  016   [5]  71 70 F5 0E 02
  can0  0E3   [3]  EC 13 00
  can0  011   [8]  E8 03 10 00 00 00 00 00
  can0  0E2   [3]  A0 13 00
  can0  010   [4]  26 73 00 00
  can0  420   [1]  00
  can0  1E5   [8]  1C 12 DA 7E B5 00 02 77
  can0  0E4   [3]  A0 13 00
  can0  013   [5]  49 00 04 0A 27
  can0  0E7   [3]  04 09 00
  can0  0E3   [3]  F0 13 00
  can0  011   [8]  E8 03 10 00 00 00 00 00
  can0  0E2   [3]  A4 13 00
  can0  010   [4]  26 73 00 00
  can0  016   [5]  03 14 9B 0E 02
  can0  420   [1]  00
  can0  1E5   [8]  1C 12 9F 1E AE 00 01 D5
  can0  0E4   [3]  A4 13 00
  can0  013   [5]  4A 10 04 12 27
  can0  0E3   [3]  F4 13 00
  can0  011   [8]  E8 03 10 00 00 00 00 00
  can0  0E2   [3]  A8 13 00
  can0  010   [4]  26 73 00 00
  can0  0E7   [3]  08 09 00
  can0  016   [5]  F1 82 6D 0E 02
  can0  420   [1]  00
  can0  1E5   [8]  1C 12 62 3E A5 00 01 AF
  can0  0E4   [3]  A8 13 00
  can0  013   [5]  4B F0 03 11 27
  can0  0E3   [3]  F8 13 00
  can0  011   [8]  E8 03 10 00 00 00 00 00
  can0  0E2   [3]  AC 13 00
  can0  010   [4]  26 73 00 00
  can0  420   [1]  00
  can0  016   [5]  71 66 3E 0E 02
  can0  0E7   [3]  0C 09 00
  can0  1E5   [8]  1C 12 25 5E 9E 00 01 8B
  can0  0E4   [3]  AC 13 00
  can0  013   [5]  52 00 04 0D 27
  can0  0E3   [3]  FC 13 00
  can0  011   [8]  E8 03 10 00 00 00 00 00
  can0  0E2   [3]  B0 13 00
  can0  010   [4]  26 73 00 00
  can0  016   [5]  F2 49 0F 0E 02
  can0  1E5   [8]  1C 11 E7 7E 97 00 02 65
  can0  420   [1]  00
  can0  0E4   [3]  B0 13 00
  can0  0E7   [3]  10 09 00
  can0  013   [5]  47 10 04 10 27
  can0  0E3   [3]  00 10 00
  can0  011   [8]  E8 03 10 00 00 00 00 00
  can0  0E2   [3]  B4 13 00
  can0  010   [4]  26 73 00 00
  can0  420   [1]  00
  can0  1E5   [8]  1C 11 A9 1E 91 00 01 C1
  can0  0E4   [3]  B4 13 00
  can0  013   [5]  41 10 04 10 27
  can0  0E3   [3]  04 10 00
  can0  011   [8]  E8 03 10 00 00 00 00 00
  can0  016   [5]  BC 67 DF 0D 02
  can0  0E2   [3]  B8 13 00
  can0  010   [4]  26 73 00 00
  can0  0E7   [3]  14 09 00
  can0  1E5   [8]  1C 11 69 3E 8A 00 01 9A
  can0  0E4   [3]  B8 13 00
  can0  013   [5]  4A E0 03 0F 27
  can0  016   [5]  86 85 AF 0D 02
  can0  0E3   [3]  08 10 00
  can0  011   [8]  E8 03 10 00 00 00 00 00
  can0  0E2   [3]  BC 13 00
  can0  010   [4]  26 73 00 00
  can0  420   [1]  00
  can0  0E7   [3]  18 09 00
  can0  1E5   [8]  1C 11 27 5E 84 00 01 72
  can0  0E4   [3]  BC 13 00
  can0  013   [5]  42 00 04 14 27
  can0  0E3   [3]  0C 10 00
  can0  420   [1]  00
  can0  011   [8]  E8 03 10 00 00 00 00 00
  can0  0E2   [3]  C0 13 00
  can0  010   [4]  26 73 00 00
  can0  016   [5]  E3 17 7E 0D 02
  can0  0E7   [3]  1C 09 00
  can0  1E5   [8]  1C 10 E5 7E 7E 00 02 49
  can0  0E4   [3]  C0 13 00
  can0  013   [5]  49 F0 03 11 27
  can0  0E3   [3]  10 10 00
  can0  011   [8]  E8 03 10 00 00 00 00 00
  can0  0E2   [3]  C4 13 00
  can0  010   [4]  26 73 00 00
  can0  420   [1]  00
  can0  016   [5]  C2 25 18 0D 02
  can0  0E7   [3]  20 09 00
  can0  1E5   [8]  1C 10 A2 1E 78 00 01 A0
  can0  0E4   [3]  C4 13 00
  can0  013   [5]  44 00 04 0C 27
  can0  0E3   [3]  14 10 00
  can0  011   [8]  E8 03 10 00 00 00 00 00
  can0  0E2   [3]  C8 13 00
  can0  010   [4]  26 73 00 00
  can0  016   [5]  FC 66 E4 0C 02
  can0  420   [1]  00
  can0  0E7   [3]  24 09 00
  can0  1E5   [8]  1C 10 5F 3E 73 00 01 78
  can0  0E4   [3]  C8 13 00
  can0  013   [5]  4A F0 03 11 27
  can0  0E3   [3]  18 10 00
  can0  011   [8]  E8 03 10 00 00 00 00 00
  can0  0E2   [3]  CC 13 00
  can0  010   [4]  26 73 00 00
  can0  016   [5]  35 A8 B0 0C 02
  can0  420   [1]  00
  can0  1E5   [8]  1C 10 1A 5E 6D 00 01 4D
  can0  0E7   [3]  28 09 00
  can0  0E4   [3]  CC 13 00
  can0  013   [5]  48 F0 03 0F 27
  can0  0E3   [3]  1C 10 00
  can0  011   [8]  E8 03 10 00 00 00 00 00
  can0  0E2   [3]  D0 13 00
  can0  010   [4]  26 73 00 00
  can0  016   [5]  01 5E 7B 0C 02
  can0  1E5   [8]  1C 0F D5 7E 68 00 02 22
  can0  420   [1]  00
  can0  0E4   [3]  D0 13 00
  can0  013   [5]  49 F0 03 10 27
  can0  0E3   [3]  20 10 00
  can0  011   [8]  E8 03 10 00 00 00 00 00
  can0  0E7   [3]  2C 09 00
  can0  0E2   [3]  D4 13 00
  can0  010   [4]  26 73 00 00
  can0  420   [1]  00
  can0  1E5   [8]  1C 0F 91 1E 63 00 01 79
  can0  016   [5]  CD 13 46 0C 02
  can0  0E4   [3]  D4 13 00
  can0  013   [5]  4B 30 04 13 27
  can0  0E7   [3]  30 09 00
  can0  0E3   [3]  24 10 00
  can0  011   [8]  E8 03 10 00 00 00 00 00
  can0  0E2   [3]  D8 13 00
  can0  010   [4]  26 73 00 00
  can0  1E5   [8]  1C 0F 4A 3E 5E 00 01 4D
  can0  016   [5]  50 8F 11 0C 02
  can0  0E4   [3]  D8 13 00
  can0  013   [5]  4A 40 04 11 27
  can0  0E3   [3]  28 10 00
  can0  011   [8]  E8 03 10 00 00 00 00 00
  can0  420   [1]  00
  can0  0E2   [3]  DC 13 00
  can0  010   [4]  26 73 00 00
  can0  0E7   [3]  34 09 00
  can0  1E5   [8]  1C 0F 04 5E 59 00 01 22
  can0  0E4   [3]  DC 13 00
  can0  013   [5]  47 40 04 0C 27
  can0  016   [5]  AF B9 DA 0B 02
  can0  0E3   [3]  2C 10 00
  can0  011   [8]  E8 03 10 00 00 00 00 00
  can0  420   [1]  00
  can0  0E2   [3]  E0 13 00
  can0  010   [4]  26 73 00 00
  can0  0E7   [3]  38 09 00
  can0  1E5   [8]  1C 0E C2 7E 58 00 01 FE
  can0  0E4   [3]  E0 13 00
  can0  013   [5]  4B F0 03 10 27
  can0  0E3   [3]  30 10 00
  can0  420   [1]  00
  can0  011   [8]  E8 03 10 00 00 00 00 00
  can0  0E2   [3]  E4 13 00
  can0  010   [4]  26 73 00 00
  can0  016   [5]  C5 A9 A4 0B 02
  can0  0E7   [3]  3C 09 00
  can0  1E5   [8]  1C 0E 7F 1E 57 00 01 5A
  can0  0E4   [3]  E4 13 00
  can0  013   [5]  50 F0 03 10 27
  can0  0E3   [3]  34 10 00
  can0  011   [8]  E8 03 10 00 00 00 00 00
  can0  0E2   [3]  E8 13 00
  can0  010   [4]  26 73 00 00
  can0  420   [1]  00
  can0  016   [5]  B4 B0 71 0B 02
  can0  0E7   [3]  40 09 00
  can0  1E5   [8]  1C 0E 3F 3E 58 00 01 3B
  can0  0E4   [3]  E8 13 00
  can0  013   [5]  47 D0 03 10 27
  can0  0E3   [3]  38 10 00
  can0  011   [8]  E8 03 10 00 00 00 00 00
  can0  0E2   [3]  EC 13 00
  can0  010   [4]  26 73 00 00
  can0  420   [1]  00
  can0  016   [5]  4B 84 0C 0B 02
  can0  0E7   [3]  44 09 00
  can0  1E5   [8]  1C 0E 01 5E 5B 00 01 20
  can0  0E4   [3]  EC 13 00
  can0  013   [5]  45 20 04 10 27
  can0  0E3   [3]  3C 10 00
  can0  011   [8]  E8 03 10 00 00 00 00 00
  can0  0E2   [3]  F0 13 00
  can0  010   [4]  26 73 00 00
  can0  016   [5]  15 A2 DC 0A 02
  can0  420   [1]  00
  can0  1E5   [8]  1C 0D C4 7E 5F 00 02 06
  can0  0E7   [3]  48 09 00
  can0  0E4   [3]  F0 13 00
  can0  013   [5]  4C 10 04 13 27
  can0  0E3   [3]  40 10 00
  can0  011   [8]  E8 03 10 00 00 00 00 00
  can0  0E2   [3]  F4 13 00
  can0  010   [4]  26 73 00 00
  can0  1E5   [8]  1C 0D 89 1E 65 00 01 71
  can0  016   [5]  95 85 AD 0A 02
  can0  0E4   [3]  F4 13 00
  can0  013   [5]  4B 10 04 10 27
  can0  420   [1]  00
  can0  0E3   [3]  44 10 00
  can0  011   [8]  E8 03 10 00 00 00 00 00
  can0  0E2   [3]  F8 13 00
  can0  010   [4]  26 73 00 00
  can0  0E7   [3]  4C 09 00
  can0  1E5   [8]  1C 0D 52 3E 6E 00 01 63
  can0  420   [1]  00
  can0  0E4   [3]  F8 13 00
  can0  013   [5]  4A 20 04 10 27
  can0  016   [5]  83 F4 7F 0A 02
  can0  0E3   [3]  48 10 00
  can0  011   [8]  E8 03 10 00 00 00 00 00
  can0  0E7   [3]  50 09 00
  can0  0E2   [3]  FC 13 00
  can0  010   [4]  26 73 00 00
  can0  1E5   [8]  1C 0D 1F 5E 79 00 01 5B
  can0  0E4   [3]  FC 13 00
  can0  013   [5]  4A 20 04 0E 27
  can0  420   [1]  00
  can0  0E3   [3]  4C 10 00
  can0  011   [8]  E8 03 10 00 00 00 00 00
  can0  0E2   [3]  00 10 00
  can0  010   [4]  26 73 00 00
  can0  016   [5]  ED 16 2E 0A 02
  can0  0E7   [3]  54 09 00
  can0  1E5   [8]  1C 0C F1 7E 88 00 02 5B
  can0  0E4   [3]  00 10 00
  can0  013   [5]  47 F0 03 0F 27
  can0  0E3   [3]  50 10 00
  can0  011   [8]  E8 03 10 00 00 00 00 00
  can0  0E2   [3]  04 10 00
  can0  010   [4]  26 73 00 00
  can0  420   [1]  00
  can0  016   [5]  ED 16 2E 0A 02
  can0  1E5   [8]  1C 0C C5 1E 99 00 01 E0
  can0  0E7   [3]  58 09 00
  can0  0E4   [3]  04 10 00
  can0  013   [5]  47 10 04 10 27
  can0  0E3   [3]  54 10 00
  can0  011   [8]  E8 03 10 00 00 00 00 00
  can0  0E2   [3]  08 10 00
  can0  010   [4]  26 73 00 00
  can0  420   [1]  00
  can0  1E5   [8]  1C 0C 9C 3E A8 00 01 E6
  can0  016   [5]  BF 94 E8 09 02
  can0  0E4   [3]  08 10 00
  can0  013   [5]  46 E0 03 18 27
  can0  0E7   [3]  5C 09 00
  can0  0E3   [3]  58 10 00
  can0  011   [8]  E8 03 10 00 00 00 00 00
  can0  0E2   [3]  0C 10 00
  can0  010   [4]  26 73 00 00
  can0  016   [5]  83 EA C8 09 02
  can0  420   [1]  00
  can0  1E5   [8]  1C 0C 77 5E BB 00 01 F4
  can0  0E4   [3]  0C 10 00
  can0  013   [5]  45 D0 03 08 27
  can0  0E3   [3]  5C 10 00
  can0  011   [8]  E8 03 10 00 00 00 00 00
  can0  0E2   [3]  10 10 00
  can0  010   [4]  26 73 00 00
  can0  0E7   [3]  60 09 00
  can0  016   [5]  20 57 AC 09 02
  can0  420   [1]  00
  can0  1E5   [8]  1C 0C 54 7E CD 00 02 03
  can0  0E4   [3]  10 10 00
  can0  013   [5]  45 D0 03 11 27
  can0  0E3   [3]  60 10 00
  can0  011   [8]  E8 03 10 00 00 00 00 00
  can0  0E2   [3]  14 10 00
  can0  010   [4]  26 73 00 00
  can0  0E7   [3]  64 09 00
  can0  420   [1]  00
  can0  1E5   [8]  1C 0C 34 1E E0 00 01 96
  can0  016   [5]  2B 4F 91 09 02
  can0  0E4   [3]  14 10 00
  can0  013   [5]  45 E0 03 15 27
  can0  0E3   [3]  64 10 00
  can0  011   [8]  E8 03 10 00 00 00 00 00
  can0  0E2   [3]  18 10 00
  can0  010   [4]  26 73 00 00
  can0  0E7   [3]  68 09 00
  can0  1E5   [8]  1C 0C 17 3E F4 00 01 AD
  can0  420   [1]  00
  can0  0E4   [3]  18 10 00
  can0  013   [5]  4A 30 04 0A 27
  can0  0E3   [3]  68 10 00
  can0  011   [8]  E8 03 10 00 00 00 00 00
  can0  0E2   [3]  1C 10 00
  can0  010   [4]  26 73 00 00
  can0  016   [5]  5A 98 78 09 02
  can0  0E7   [3]  6C 09 00
  can0  1E5   [8]  1C 0B FF 5F 0A 00 01 CB
  can0  0E4   [3]  1C 10 00
  can0  013   [5]  4D 20 04 0F 27
  can0  0E3   [3]  6C 10 00
  can0  011   [8]  E8 03 10 00 00 00 00 00
  can0  0E2   [3]  20 10 00
  can0  010   [4]  26 73 00 00
  can0  420   [1]  00
  can0  016   [5]  AC 32 62 09 02
  can0  1E5   [8]  1C 0B E9 7F 1E 00 01 E9
  can0  0E4   [3]  20 10 00
  can0  013   [5]  44 40 04 15 27
  can0  0E3   [3]  70 10 00
  can0  011   [8]  E8 03 10 00 00 00 00 00
  can0  0E7   [3]  70 09 00
  can0  0E2   [3]  24 10 00
  can0  010   [4]  26 73 00 00
  can0  420   [1]  00
  can0  016   [5]  DF AB 3E 09 02
  can0  1E5   [8]  1C 0B D4 1F 31 00 01 87
  can0  0E4   [3]  24 10 00
  can0  013   [5]  44 F0 03 0C 27
  can0  0E3   [3]  74 10 00
  can0  011   [8]  E8 03 10 00 00 00 00 00
  can0  0E2   [3]  28 10 00
  can0  010   [4]  26 73 00 00
  can0  0E7   [3]  74 09 00
  can0  420   [1]  00
  can0  016   [5]  E5 73 2E 09 02
  can0  1E5   [8]  1C 0B C1 3F 42 00 01 A5
  can0  0E4   [3]  28 10 00
  can0  013   [5]  43 20 04 10 27
  can0  0E3   [3]  78 10 00
  can0  011   [8]  E8 03 10 00 00 00 00 00
  can0  0E2   [3]  2C 10 00
  can0  010   [4]  26 73 00 00
  can0  0E7   [3]  78 09 00
  can0  016   [5]  59 C7 1F 09 02
  can0  420   [1]  00
  can0  1E5   [8]  1C 0B AD 5F 51 00 01 C0
  can0  0E4   [3]  2C 10 00
  can0  013   [5]  47 10 04 12 27
  can0  0E3   [3]  7C 10 00
  can0  011   [8]  E8 03 10 00 00 00 00 00
  can0  0E2   [3]  30 10 00
  can0  010   [4]  26 73 00 00
  can0  0E7   [3]  7C 09 00
  can0  016   [5]  16 55 10 09 02
  can0  420   [1]  00
  can0  1E5   [8]  1C 0B 9D 7F 61 00 01 E0
  can0  0E4   [3]  30 10 00
  can0  013   [5]  49 10 04 10 27
  can0  0E3   [3]  80 10 00
  can0  011   [8]  E8 03 10 00 00 00 00 00
  can0  0E2   [3]  34 10 00
  can0  010   [4]  26 73 00 00
  can0  0E7   [3]  80 09 00
  can0  016   [5]  AD F9 03 09 02
  can0  420   [1]  00
  can0  1E5   [8]  1C 0B 8D 1F 6E 00 01 7D
  can0  0E4   [3]  34 10 00
  can0  013   [5]  48 10 04 12 27
  can0  0E3   [3]  84 10 00
  can0  011   [8]  E8 03 10 00 00 00 00 00
  can0  0E2   [3]  38 10 00
  can0  010   [4]  26 73 00 00
  can0  420   [1]  00
  can0  1E5   [8]  1C 0B 82 3F 7D 00 01 A1
  can0  0E7   [3]  84 09 00
  can0  016   [5]  44 9E F7 08 02
  can0  0E4   [3]  38 10 00
  can0  013   [5]  4B 10 04 17 27
  can0  0E3   [3]  88 10 00
  can0  011   [8]  E8 03 10 00 00 00 00 00
  can0  0E2   [3]  3C 10 00
  can0  010   [4]  26 73 00 00
  can0  1E5   [8]  1C 0B 77 5F 8A 00 01 C3
  can0  420   [1]  00
  can0  0E4   [3]  3C 10 00
  can0  013   [5]  51 E0 03 08 27
  can0  016   [5]  6C 1F EF 08 02
  can0  0E3   [3]  8C 10 00
  can0  011   [8]  E8 03 10 00 00 00 00 00
  can0  0E7   [3]  88 09 00
  can0  0E2   [3]  40 10 00
  can0  010   [4]  26 73 00 00
  can0  1E5   [8]  1C 0B 6D 7F 96 00 01 E5
  can0  420   [1]  00
  can0  0E4   [3]  40 10 00
  can0  013   [5]  4B 00 04 10 27
  can0  016   [5]  94 A0 E6 08 02
  can0  0E7   [3]  8C 09 00
  can0  0E3   [3]  90 10 00
  can0  011   [8]  E8 03 10 00 00 00 00 00
  can0  0E2   [3]  44 10 00
  can0  010   [4]  26 73 00 00
  can0  1E5   [8]  1C 0B 67 1F A1 00 01 8A
  can0  0E4   [3]  44 10 00
  can0  013   [5]  49 E0 03 0D 27
  can0  420   [1]  00
  can0  0E3   [3]  94 10 00
  can0  011   [8]  E8 03 10 00 00 00 00 00
  can0  0E2   [3]  48 10 00
  can0  010   [4]  26 73 00 00
  can0  016   [5]  73 E7 DE 08 02
  can0  0E7   [3]  90 09 00
  can0  1E5   [8]  1C 0B 61 3F AB 00 01 AE
  can0  0E4   [3]  48 10 00
  can0  013   [5]  4C 30 04 14 27
  can0  0E3   [3]  98 10 00
  can0  011   [8]  E8 03 10 00 00 00 00 00
  can0  0E2   [3]  4C 10 00
  can0  010   [4]  26 73 00 00
  can0  420   [1]  00
  can0  016   [5]  2B 45 DA 08 02
  can0  0E7   [3]  94 09 00
  can0  1E5   [8]  1C 0B 5A 5F B4 00 01 D0
  can0  0E4   [3]  4C 10 00
  can0  013   [5]  48 30 04 0C 27
  can0  0E3   [3]  9C 10 00
  can0  011   [8]  E8 03 10 00 00 00 00 00
  can0  0E2   [3]  50 10 00
  can0  010   [4]  26 73 00 00
  can0  420   [1]  00
  can0  016   [5]  E6 3A D0 08 02
  can0  0E7   [3]  98 09 00
